 0.01000  1.36812E+00 -2.58125E-19 -3.67834E-01  3.80204E-22  6.51314E-05  1.59670E-05
 0.03990  1.37377E+00 -3.03483E-10 -3.69058E-01 -2.83634E-14  1.36134E-12 -3.88496E-05
 0.06980  1.38823E+00 -3.65870E-04 -3.71727E-01 -1.24965E-07  1.32955E-12 -7.14417E-11
 0.09970  1.41393E+00 -8.10675E-03 -3.75788E-01 -6.82829E-06  3.76880E-11 -2.59881E-12
 0.12960  1.44269E+00 -2.80121E-02 -3.81149E-01 -3.70072E-05 -4.84772E-12  5.90631E-10
 0.15950  1.46957E+00 -5.71096E-02 -3.87678E-01 -9.19048E-05 -7.29685E-11  8.08976E-10
 0.18940  1.49346E+00 -9.32673E-02 -3.95217E-01 -1.61156E-04 -1.66924E-10  6.52768E-10
 0.21930  1.51317E+00 -1.35189E-01 -4.03549E-01 -2.10700E-04 -2.87048E-10  1.22166E-10
 0.24920  1.53133E+00 -1.82278E-01 -4.12398E-01 -7.29723E-05 -4.33968E-10 -7.83005E-10
 0.27910  1.54533E+00 -2.33599E-01 -4.21606E-01  6.57921E-04 -6.08209E-10 -2.06521E-09
 0.30900  1.55330E+00 -2.88744E-01 -4.31397E-01  2.46256E-03 -8.07020E-10 -3.72671E-09
 0.33890  1.56176E+00 -3.45749E-01 -4.42367E-01  5.51918E-03 -1.01140E-09 -5.80069E-09
 0.36880  1.56184E+00 -4.06519E-01 -4.55118E-01  9.48145E-03 -1.74968E-09 -3.24955E-09
 0.39870  1.55726E+00 -4.69553E-01 -4.69865E-01  1.36684E-02 -3.02804E-09  3.93023E-09
 0.42860  1.55247E+00 -5.31757E-01 -4.86384E-01  1.74563E-02 -2.93429E-09  1.62590E-09
 0.45850  1.53786E+00 -6.01245E-01 -5.04238E-01  2.04942E-02 -1.26352E-09 -1.24562E-09
 0.48840  1.52269E+00 -6.81173E-01 -5.22992E-01  2.26806E-02  1.98771E-09 -4.68560E-09
 0.51830  1.53253E+00 -7.86589E-01 -5.42302E-01  2.40603E-02  2.22021E-09 -4.03415E-09
 0.54820  1.57496E+00 -9.06433E-01 -5.61929E-01  2.47410E-02 -5.65304E-10  7.08761E-10
 0.57810  1.61339E+00 -1.02860E+00 -5.81713E-01  2.48459E-02 -8.49764E-10  2.36401E-09
 0.60800  1.67659E+00 -1.18085E+00 -6.01552E-01  2.44919E-02  1.36810E-09  9.31992E-10
 0.63790  1.72148E+00 -1.33435E+00 -6.21385E-01  2.37817E-02  6.09953E-09 -3.59109E-09
 0.66780  1.80253E+00 -1.52216E+00 -6.41176E-01  2.28017E-02  7.12318E-10 -5.15168E-09
 0.69770  1.84277E+00 -1.70348E+00 -6.60907E-01  2.16227E-02 -5.25860E-09  2.40774E-09
 0.72760  1.89602E+00 -1.87159E+00 -6.80570E-01  2.03024E-02 -2.46044E-09  3.18786E-09
 0.75750  1.97303E+00 -2.08413E+00 -7.00165E-01  1.88872E-02  5.20770E-09 -1.58849E-09
 0.78740  2.05144E+00 -2.35853E+00 -7.19695E-01  1.74132E-02  2.19290E-09 -7.52137E-09
 0.81730  2.11622E+00 -2.61940E+00 -7.39169E-01  1.59093E-02  1.11469E-09 -2.96995E-09
 0.84720  2.12925E+00 -2.85514E+00 -7.58591E-01  1.43991E-02  3.38323E-09  5.82267E-09
 0.87710  2.20682E+00 -3.06219E+00 -7.77973E-01  1.28980E-02  2.08706E-09  4.96982E-09
 0.90700  2.28269E+00 -3.30845E+00 -7.97320E-01  1.14221E-02 -2.77545E-09 -5.53104E-09
 0.93690  2.35368E+00 -3.61727E+00 -8.16642E-01  9.97827E-03 -3.38969E-09 -4.69927E-09
 0.96680  2.42671E+00 -4.00809E+00 -8.35944E-01  8.57707E-03  2.55347E-10  7.44243E-09
 0.99670  2.50337E+00 -4.48297E+00 -8.55237E-01  7.22118E-03  4.54783E-09  1.49054E-09
 1.02660  2.57761E+00 -4.77962E+00 -8.74522E-01  5.91524E-03  5.15493E-09 -1.88816E-09
 1.05650  2.65209E+00 -4.96910E+00 -8.93808E-01  4.66266E-03  2.07993E-09 -2.69549E-09
 1.08640  2.72743E+00 -5.05691E+00 -9.13100E-01  3.46151E-03 -4.68061E-09 -9.32334E-10
 1.11630  2.80469E+00 -5.05056E+00 -9.32399E-01  2.31520E-03 -4.10482E-09 -3.07202E-09
 1.14620  2.87449E+00 -6.14915E+00 -9.51712E-01  1.22314E-03  3.14093E-09 -8.91229E-09
 1.17610  2.85120E+00 -7.66525E+00 -9.71043E-01  1.82381E-04 -6.35353E-11 -7.75575E-09
 1.20600  2.92958E+00 -8.94589E+00 -9.90390E-01 -8.06963E-04 -1.88006E-09 -6.47052E-09
 1.23590  2.99629E+00 -9.48159E+00 -1.00976E+00 -1.74457E-03 -2.29863E-09 -5.05931E-09
 1.26580  3.12297E+00 -7.99957E+00 -1.02915E+00 -2.63379E-03 -1.31779E-09 -3.51422E-09
 1.29570 -2.54199E-09 -4.03131E-09 -1.04857E+00 -3.47737E-03  1.06154E-09 -1.83520E-09
 1.32560 -2.51126E-09 -7.88870E-09 -1.06801E+00 -4.27570E-03  4.84391E-09 -2.18926E-11
 1.35550 -1.08891E+00 -1.70623E-01 -1.08748E+00 -5.02959E-03  4.65846E-09 -6.99149E-10
 1.38540  6.22531E-09 -1.11531E-09 -1.10698E+00 -5.74196E-03  5.04958E-10 -3.86978E-09
 1.41530 -3.55967E-09  4.93748E-09 -1.12651E+00 -6.41535E-03 -2.09508E-09 -3.48946E-09
 1.44520 -1.14823E+00 -1.54367E-01 -1.14607E+00 -7.05197E-03 -3.14249E-09  4.36111E-10
 1.47510  3.23464E-09  3.22115E-10 -1.16565E+00 -7.65212E-03 -2.64377E-09  7.92605E-09
 1.50500 -4.56869E-09 -8.13000E-10 -1.18527E+00 -8.21759E-03  2.82723E-09  4.01020E-09
 1.53490 -1.20750E+00 -1.40546E-01 -1.20491E+00 -8.75029E-03  6.12401E-09 -7.76709E-09
 1.56480  1.04031E-09  6.89380E-09 -1.22459E+00 -9.25232E-03  8.13499E-09 -1.34152E-09
 1.59470 -3.72325E-09  3.09047E-09 -1.24429E+00 -9.72557E-03  3.97460E-09  4.08885E-09
 1.62460 -1.26679E+00 -1.28802E-01 -1.26402E+00 -1.01716E-02  4.34471E-05  7.97566E-10
 1.65450 -4.68545E-05  9.52006E-10 -1.28379E+00 -1.05910E-02  4.68545E-05  9.52419E-10
 1.68440 -5.03841E-05  1.12879E-09 -1.30357E+00 -1.09851E-02  5.03841E-05  1.12919E-09
 1.71430 -1.32623E+00 -1.18754E-01 -1.32339E+00 -1.13556E-02  5.40294E-05  1.33098E-09
 1.74420  5.77822E-05  1.56044E-09 -1.34324E+00 -1.17035E-02 -5.77822E-05  1.56085E-09
 1.77410 -6.16342E-05  1.82041E-09 -1.36311E+00 -1.20303E-02  6.16342E-05  1.82015E-09
 1.80400 -1.38585E+00 -1.09979E-01 -1.38301E+00 -1.23372E-02  6.55753E-05  2.11216E-09
 1.83390  6.95950E-05  2.48689E-09 -1.40294E+00 -1.26255E-02 -6.95950E-05  2.48645E-09
 1.86380 -7.36810E-05  2.85817E-09 -1.42289E+00 -1.28961E-02  7.36810E-05  2.85781E-09
 1.89370 -1.44565E+00 -1.02298E-01 -1.44287E+00 -1.31493E-02  5.50276E-05  1.10467E-09
 1.92360  2.10414E-09  3.53736E-09 -1.46287E+00 -1.33863E-02 -2.41452E-09 -3.56569E-09
 1.95350 -4.14137E-09 -2.46471E-09 -1.48290E+00 -1.36080E-02  5.16485E-09  1.56627E-09
 1.98340 -1.50564E+00 -9.55312E-02 -1.50295E+00 -1.38153E-02  1.65351E-09  4.84004E-09
 2.01330  6.45902E-09 -1.22608E-09 -1.52302E+00 -1.40090E-02 -5.97069E-09  6.35923E-10
 2.04320  5.64014E-09  4.19885E-09 -1.54312E+00 -1.41897E-02 -2.47030E-09 -6.87111E-09
 2.07310 -1.56582E+00 -8.95273E-02 -1.56324E+00 -1.43581E-02 -1.68696E-09 -9.11977E-09
 2.10300  7.94212E-09  9.19069E-10 -1.58338E+00 -1.45151E-02 -3.62242E-09 -6.12193E-09
 2.13290  1.78611E-09  4.65941E-09 -1.60354E+00 -1.46612E-02 -8.28268E-09  2.10913E-09
 2.16280 -1.62620E+00 -8.41835E-02 -1.62372E+00 -1.47970E-02 -1.01423E-08  2.01874E-09
 2.19270  8.11432E-09  9.61795E-10 -1.64392E+00 -1.49232E-02 -1.25280E-08 -1.29458E-08
 2.22260  6.79392E-09  9.38937E-11 -1.66415E+00 -1.50398E-02 -5.93612E-10 -1.21229E-09
 2.25250 -1.68675E+00 -7.93754E-02 -1.68439E+00 -1.51476E-02  7.51962E-09  1.18521E-09
 2.28240  1.14842E-09 -3.56563E-10 -1.70465E+00 -1.52469E-02  3.67898E-10 -2.91373E-09
 2.31230  7.88651E-09 -1.00838E-09 -1.72492E+00 -1.53384E-02 -7.85777E-09 -1.74128E-09
 2.34220 -1.74748E+00 -7.50420E-02 -1.74522E+00 -1.54224E-02 -6.33219E-09  3.67281E-09
 2.37210 -1.25003E-09  5.52745E-09 -1.76553E+00 -1.54993E-02  5.72979E-09  3.77363E-09
 2.40200 -2.73825E-05  3.67545E-10 -1.78587E+00 -1.55696E-02  2.73825E-05  3.67653E-10
 2.43190 -1.80836E+00 -7.11202E-02 -1.80621E+00 -1.56334E-02  2.87375E-05  4.15504E-10
 2.46180  3.01060E-05  4.68004E-10 -1.82658E+00 -1.56912E-02 -3.01060E-05  4.67518E-10
 2.49170 -3.14843E-05  5.26324E-10 -1.84695E+00 -1.57432E-02  3.14843E-05  5.26231E-10
 2.52160 -1.86939E+00 -6.75555E-02 -1.86735E+00 -1.57898E-02  3.28678E-05  5.90682E-10
 2.55150  3.42498E-05  6.60344E-10 -1.88776E+00 -1.58313E-02 -3.42498E-05  6.60841E-10
 2.58140 -3.56244E-05  7.36913E-10 -1.90818E+00 -1.58680E-02  3.56244E-05  7.38356E-10
 2.61130 -1.93056E+00 -6.43038E-02 -1.92862E+00 -1.59001E-02  3.69863E-05  8.22584E-10
 2.64120  3.83263E-05  9.14486E-10 -1.94907E+00 -1.59278E-02 -3.83263E-05  9.14510E-10
 2.67110 -3.96356E-05  1.01416E-09 -1.96954E+00 -1.59515E-02  3.96356E-05  1.01403E-09
 2.70100 -1.99186E+00 -6.13279E-02 -1.99002E+00 -1.59712E-02  4.09064E-05  1.13353E-09
 2.73090  4.21284E-05  1.25350E-09 -2.01051E+00 -1.59871E-02 -4.21284E-05  1.25376E-09
 2.76080 -4.32882E-05  1.38325E-09 -2.03102E+00 -1.59994E-02  4.32882E-05  1.38301E-09
 2.79070 -2.05329E+00 -5.85979E-02 -2.05153E+00 -1.60084E-02  4.43726E-05  1.52233E-09
 2.82060  4.53692E-05  1.67401E-09 -2.07206E+00 -1.60142E-02 -4.53692E-05  1.67459E-09
 2.85050 -3.27114E-05  5.09358E-10 -2.09260E+00 -1.60170E-02  3.27114E-05  5.09411E-10
 2.88040 -2.11482E+00 -5.60802E-02 -2.11316E+00 -1.60170E-02  3.32530E-05  5.49824E-10
 2.91030  3.36901E-05  5.91661E-10 -2.13372E+00 -1.60143E-02 -3.36901E-05  5.91224E-10
 2.94020 -3.40061E-05  6.35360E-10 -2.15429E+00 -1.60090E-02  3.40061E-05  6.35354E-10
 2.97010 -2.17647E+00 -5.37547E-02 -2.17488E+00 -1.60013E-02  3.41813E-05  6.82636E-10
