 0.01000  3.67833E-01  4.73682E-19  7.09643E-01 -1.77732E-21  2.96851E-01 -6.58382E-01
 0.03990  3.69039E-01 -2.20254E-21  7.16009E-01 -2.38379E-18  2.73885E-01 -3.24787E-01
 0.06980  3.71665E-01 -1.90114E-17  7.30385E-01 -2.12467E-10 -3.10768E-05  3.46955E-04
 0.09970  3.75651E-01 -5.69111E-16  7.54011E-01 -3.43310E-05 -6.35237E-04 -4.93768E-11
 0.12960  3.80909E-01  1.02283E-12  7.90152E-01 -2.25556E-03  1.93488E-03 -1.03567E-06
 0.15950  3.87321E-01  1.04438E-08  8.37883E-01 -1.35854E-02  4.99604E-03 -1.22066E-04
 0.18940  3.94728E-01  1.80127E-06  8.91314E-01 -3.56821E-02  1.13677E-02 -1.60330E-03
 0.21930  4.02898E-01  4.17652E-05  9.47573E-01 -6.64797E-02  2.12777E-02 -7.31527E-03
 0.24920  4.11537E-01  3.24077E-04  1.00519E+00 -1.04109E-01  3.28227E-02 -1.95414E-02
 0.27910  4.20520E-01  1.31488E-03  1.06379E+00 -1.48976E-01  4.35324E-02 -3.89754E-02
 0.30900  4.30167E-01  3.51580E-03  1.12098E+00 -1.98836E-01  5.12914E-02 -6.53447E-02
 0.33890  4.41169E-01  7.03568E-03  1.17656E+00 -2.54885E-01  5.45480E-02 -9.76978E-02
 0.36880  4.54138E-01  1.14000E-02  1.23249E+00 -3.19908E-01  5.24912E-02 -1.35414E-01
 0.39870  4.69209E-01  1.58400E-02  1.28654E+00 -3.92247E-01  4.57770E-02 -1.74754E-01
 0.42860  4.86057E-01  1.97308E-02  1.33929E+00 -4.73229E-01  3.33996E-02 -2.18231E-01
 0.45850  5.04191E-01  2.27663E-02  1.39198E+00 -5.64833E-01  1.55271E-02 -2.62769E-01
 0.48840  5.23160E-01  2.48920E-02  1.44702E+00 -6.69801E-01 -8.49449E-03 -3.06809E-01
 0.51830  5.42627E-01  2.61856E-02  1.50889E+00 -7.91743E-01 -4.00809E-02 -3.49289E-01
 0.54820  5.62364E-01  2.67735E-02  1.55406E+00 -9.13179E-01 -8.10858E-02 -3.89856E-01
 0.57810  5.82222E-01  2.67889E-02  1.58464E+00 -1.03553E+00 -1.33352E-01 -4.28464E-01
 0.60800  6.02111E-01  2.63531E-02  1.19757E+00 -9.22194E-01 -1.98445E-01 -4.64400E-01
 0.63790  6.21975E-01  2.55704E-02  2.76660E-01 -4.95943E-01 -2.76303E-01 -4.97872E-01
 0.66780  6.41785E-01  2.45271E-02 -5.81497E-11 -1.40622E-11 -3.65829E-01 -5.11171E-01
 0.69770  6.61527E-01  2.32934E-02  1.62580E-11 -1.81967E-11 -4.55558E-01 -5.09304E-01
 0.72760  6.81195E-01  2.19257E-02  5.35654E-01 -4.95032E-01 -5.35654E-01 -4.95032E-01
 0.75750  7.00792E-01  2.04689E-02 -1.16458E-11  3.06614E-12 -5.96296E-01 -4.65749E-01
 0.78740  7.20323E-01  1.89593E-02 -6.44373E-01 -4.36442E-01 -7.20323E-01  1.89593E-02
 0.81730  7.39794E-01  1.74239E-02 -7.39794E-01  1.74239E-02 -7.80379E-12 -4.66690E-12
 0.84720  7.59216E-01  1.58849E-02 -7.59216E-01  1.58849E-02 -3.69782E-12 -1.44741E-14
 0.87710  7.78595E-01  1.43593E-02 -7.44366E-01 -3.54129E-01 -7.78595E-01  1.43593E-02
 0.90700  7.97941E-01  1.28591E-02 -7.97941E-01  1.28591E-02  7.10698E-13  1.13417E-13
 0.93690  8.17261E-01  1.13945E-02 -7.97039E-01 -3.14711E-01 -1.53992E-14 -8.22111E-13
 0.96680  8.36564E-01  9.97266E-03 -3.79682E-11  2.87263E-11 -8.36564E-01  9.97266E-03
 0.99670  8.55855E-01  8.59710E-03  8.44068E-01 -2.82676E-01  1.35263E-11 -1.08813E-11
 1.02660  8.75141E-01  7.27386E-03 -8.75141E-01  7.27386E-03  5.94918E-12 -1.97578E-11
 1.05650  8.94428E-01  6.00187E-03 -7.95798E-11  6.04376E-11 -8.94428E-01  6.00188E-03
 1.08640  9.13718E-01  4.78403E-03 -9.08999E-01 -2.43906E-01 -4.28135E-13  1.58344E-13
 1.11630  9.33019E-01  3.62144E-03 -9.33019E-01  3.62143E-03  4.25514E-12 -5.13334E-12
 1.14620  9.52334E-01  2.51127E-03  4.55996E-13  3.51796E-13 -9.52334E-01  2.51127E-03
 1.17610  9.71663E-01  1.45370E-03 -1.64504E-11 -1.91195E-11  1.64692E-11  1.91331E-11
 1.20600  9.91012E-01  4.49397E-04 -9.91012E-01  4.49397E-04  3.19804E-12 -1.92462E-12
 1.23590  1.01038E+00 -5.04712E-04 -8.84761E-13 -7.72608E-14 -1.01038E+00 -5.04712E-04
 1.26580  1.02978E+00 -1.41148E-03  3.48082E-11 -1.81801E-12 -3.47789E-11  1.78975E-12
 1.29570  1.04919E+00 -2.27073E-03 -1.04919E+00 -2.27073E-03  2.00142E-12 -6.11776E-13
 1.32560  1.06864E+00 -3.08372E-03 -9.96435E-13 -4.26653E-13 -1.06864E+00 -3.08372E-03
 1.35550  1.08811E+00 -3.85328E-03  4.62103E-11 -9.50155E-13 -4.61455E-11  9.44198E-13
 1.38540  1.10761E+00 -4.58194E-03 -1.10761E+00 -4.58194E-03  1.20556E-12 -3.45811E-14
 1.41530  1.12714E+00 -5.27187E-03 -1.03085E-12 -8.24484E-13 -1.12714E+00 -5.27187E-03
 1.44520  1.14669E+00 -5.92302E-03  5.84354E-11 -4.41637E-13 -5.83411E-11  4.68118E-13
 1.47510  1.16628E+00 -6.53760E-03 -1.16628E+00 -6.53760E-03  7.02523E-13  1.65392E-13
 1.50500  1.18589E+00 -7.11778E-03 -9.85618E-13 -1.19502E-12 -1.18589E+00 -7.11778E-03
 1.53490  1.20554E+00 -7.66558E-03  7.11143E-11 -4.74795E-13 -7.09911E-11  5.42353E-13
 1.56480  1.22521E+00 -8.18285E-03 -1.22521E+00 -8.18285E-03  4.06708E-13  1.94154E-13
 1.59470  1.24492E+00 -8.67120E-03 -1.56716E-12  8.99283E-13 -1.24492E+00 -8.67120E-03
 1.62460  1.26465E+00 -9.13094E-03  8.37244E-11 -9.35390E-13 -8.35833E-11  1.04796E-12
 1.65450  1.28441E+00 -9.56389E-03 -1.28441E+00 -9.56389E-03  1.73678E-11  9.65753E-11
 1.68440  1.30420E+00 -9.97162E-03 -1.92150E-12  7.84689E-13 -1.30420E+00 -9.97162E-03
 1.71430  1.32402E+00 -1.03556E-02  9.65719E-11 -1.85824E-12 -9.64375E-11  1.97854E-12
 1.74420  1.34386E+00 -1.07171E-02 -1.34386E+00 -1.07171E-02  8.85036E-13  7.09333E-11
 1.77410  1.36373E+00 -1.10574E-02 -3.28230E-14 -3.05090E-12 -1.36373E+00 -1.10574E-02
 1.80400  1.38363E+00 -1.13779E-02  3.40764E-13 -3.32916E-13 -3.35132E-13  3.37057E-13
 1.83390  1.40356E+00 -1.16790E-02 -1.40356E+00 -1.16790E-02 -7.79169E-12  5.16029E-11
 1.86380  1.42351E+00 -1.19617E-02 -2.59702E-12  4.65790E-13 -1.42351E+00 -1.19617E-02
 1.89370  1.44348E+00 -1.22270E-02  3.71539E-13 -3.93515E-13 -3.49444E-13  3.92889E-13
 1.92360  1.46348E+00 -1.24760E-02 -1.46348E+00 -1.24760E-02 -1.17969E-11  3.73999E-11
 1.95350  1.48351E+00 -1.27096E-02 -2.90560E-12  3.03718E-13 -1.48351E+00 -1.27096E-02
 1.98340  1.50355E+00 -1.29285E-02  4.05292E-13 -4.52242E-13 -3.82175E-13  4.45997E-13
 2.01330  1.52363E+00 -1.31337E-02 -1.52363E+00 -1.31337E-02 -1.31330E-11  2.70038E-11
 2.04320  1.54372E+00 -1.33257E-02 -3.21277E-12  1.42273E-13 -1.54372E+00 -1.33257E-02
 2.07310  1.56384E+00 -1.35054E-02  4.43929E-13 -5.06451E-13 -4.20850E-13  4.94819E-13
 2.10300  1.58397E+00 -1.36735E-02 -1.58397E+00 -1.36735E-02  1.29909E-11 -2.80095E-11
 2.13290  1.60413E+00 -1.38304E-02 -3.50787E-12 -2.70486E-14 -1.60413E+00 -1.38304E-02
 2.16280  1.62431E+00 -1.39767E-02  4.83339E-13 -5.55326E-13 -4.61409E-13  5.38448E-13
 2.19270  1.64451E+00 -1.41128E-02 -1.64451E+00 -1.41128E-02  1.24328E-11 -2.23713E-11
 2.22260  1.66473E+00 -1.42394E-02 -3.79702E-12 -1.91814E-13 -1.66473E+00 -1.42394E-02
 2.25250  1.68497E+00 -1.43570E-02  5.11192E-13 -6.15586E-13 -4.90935E-13  5.93892E-13
 2.28240  1.70523E+00 -1.44661E-02 -1.70523E+00 -1.44661E-02  1.16736E-11 -1.80583E-11
 2.31230  1.72550E+00 -1.45670E-02 -4.17832E-12 -4.98714E-13 -1.72550E+00 -1.45670E-02
 2.34220  1.74580E+00 -1.46603E-02  5.41118E-13 -6.71671E-13 -5.23017E-13  6.45628E-13
 2.37210  1.76611E+00 -1.47463E-02 -1.76611E+00 -1.47463E-02  1.08595E-11 -1.47346E-11
 2.40200  1.78643E+00 -1.48255E-02 -4.36953E-12 -5.14051E-13 -1.78643E+00 -1.48255E-02
 2.43190  1.80678E+00 -1.48981E-02  5.60812E-13 -7.37832E-13 -5.45325E-13  7.07819E-13
 2.46180  1.82714E+00 -1.49645E-02 -1.82714E+00 -1.49645E-02  1.00498E-11 -1.21510E-11
 2.49170  1.84752E+00 -1.50251E-02 -4.64583E-12 -6.62189E-13 -1.84752E+00 -1.50251E-02
 2.52160  1.86791E+00 -1.50801E-02  5.83658E-13 -7.99865E-13 -5.71401E-13  7.66520E-13
 2.55150  1.88831E+00 -1.51299E-02 -1.88831E+00 -1.51299E-02  9.27780E-12 -1.01126E-11
 2.58140  1.90873E+00 -1.51746E-02 -4.92384E-12 -8.13943E-13 -1.90873E+00 -1.51746E-02
 2.61130  1.92917E+00 -1.52145E-02  6.09267E-13 -8.56916E-13 -6.00119E-13  8.20512E-13
 2.64120  1.94962E+00 -1.52499E-02 -1.94962E+00 -1.52499E-02  8.55523E-12 -8.49601E-12
 2.67110  1.97008E+00 -1.52810E-02 -5.20372E-12 -9.54222E-13 -1.97008E+00 -1.52810E-02
 2.70100  1.99056E+00 -1.53080E-02  6.28919E-13 -9.20155E-13 -6.23080E-13  8.81000E-13
 2.73090  2.01105E+00 -1.53311E-02 -2.01105E+00 -1.53311E-02  7.86569E-12 -7.15551E-12
 2.76080  2.03155E+00 -1.53506E-02 -5.47969E-12 -1.09848E-12 -2.03155E+00 -1.53506E-02
 2.79070  2.05206E+00 -1.53666E-02  6.42057E-13 -9.85279E-13 -6.39537E-13  9.43575E-13
 2.82060  2.07259E+00 -1.53793E-02 -2.07259E+00 -1.53793E-02  7.23926E-12 -6.08165E-12
 2.85050  2.09313E+00 -1.53888E-02 -5.75375E-12 -1.23716E-12 -2.09313E+00 -1.53888E-02
 2.88040  2.11368E+00 -1.53954E-02  6.61635E-13 -1.04478E-12 -6.62683E-13  1.00099E-12
 2.91030  2.13424E+00 -1.53992E-02 -2.13424E+00 -1.53992E-02 -6.69593E-12  5.17839E-12
 2.94020  2.15481E+00 -1.54003E-02 -6.02812E-12 -1.36349E-12 -2.15481E+00 -1.54003E-02
 2.97010  2.17539E+00 -1.53989E-02  6.77896E-13 -1.10507E-12 -6.82439E-13  1.05954E-12
