 0.01000  3.67843E-01  3.51920E-19  7.09510E-01 -8.19704E-22  2.94125E-01 -6.56594E-01
 0.03990  3.69198E-01 -4.07688E-16  7.13841E-01 -3.54344E-09  2.35289E-01 -2.79346E-01
 0.06980  3.72165E-01 -1.35167E-07  7.23170E-01 -2.24837E-04 -8.26909E-04  3.76970E-04
 0.09970  3.76738E-01 -2.14711E-05  7.38854E-01 -2.05527E-03 -3.76738E-01 -2.14711E-05
 0.12960  3.82854E-01 -1.76626E-04  7.64101E-01 -4.52713E-03 -3.82854E-01 -1.76626E-04
 0.15950  3.90300E-01 -5.39305E-04  8.00572E-01 -1.01690E-02 -2.62743E-08 -5.42128E-03
 0.18940  3.98857E-01 -1.07176E-03  8.45221E-01 -2.32878E-02  5.05205E-10  1.97044E-09
 0.21930  4.08352E-01 -1.71008E-03  8.94072E-01 -4.36372E-02 -4.08352E-01 -1.71008E-03
 0.24920  4.18620E-01 -2.39239E-03  9.45703E-01 -7.06546E-02 -9.45703E-01 -7.06547E-02
 0.27910  4.29481E-01 -3.01227E-03  9.97854E-01 -1.00715E-01 -1.52010E+00 -1.93399E-01
 0.30900  4.40808E-01 -3.37026E-03  1.05073E+00 -1.35531E-01 -1.53176E+00 -2.47809E-01
 0.33890  4.52624E-01 -3.22418E-03  1.10212E+00 -1.72495E-01 -1.10212E+00 -1.72495E-01
 0.36880  4.65122E-01 -2.41546E-03  1.15384E+00 -2.14515E-01  1.08196E-08 -9.84713E-09
 0.39870  4.78568E-01 -9.77999E-04  1.20036E+00 -2.55873E-01  1.55770E+00 -4.42854E-01
 0.42860  4.93159E-01  8.71453E-04  1.24466E+00 -3.01075E-01 -4.93159E-01  8.71453E-04
 0.45850  5.08933E-01  2.82624E-03  1.28254E+00 -3.47961E-01 -1.58567E+00 -5.90544E-01
 0.48840  5.25777E-01  4.61228E-03  1.31425E+00 -4.00090E-01 -1.05372E-04 -1.69628E-01
 0.51830  5.43492E-01  6.04628E-03  1.33311E+00 -4.55677E-01  1.61045E+00 -7.41294E-01
 0.54820  5.61859E-01  7.04295E-03  1.34563E+00 -5.23041E-01  1.62952E+00 -8.26482E-01
 0.57810  5.80686E-01  7.59011E-03  1.33602E+00 -5.90024E-01  6.18068E-02 -3.25067E-01
 0.60800  5.99816E-01  7.71949E-03  1.31082E+00 -6.74330E-01 -1.31082E+00 -6.74330E-01
 0.63790  6.19132E-01  7.48465E-03  1.25287E+00 -7.78974E-01 -1.73043E+00 -1.10316E+00
 0.66780  6.38550E-01  6.94678E-03  1.14799E+00 -8.97815E-01 -1.77808E+00 -1.21089E+00
 0.69770  6.58012E-01  6.16627E-03  9.01210E-01 -1.32327E+00 -9.44561E-01 -1.15787E+00
 0.72760  6.77482E-01  5.19843E-03  3.74980E-01 -4.94863E-01  1.00904E-08  6.03402E-09
 0.75750  6.96934E-01  4.09140E-03 -6.96934E-01  4.09140E-03  4.62203E-01 -4.99725E-01
 0.78740  7.16357E-01  2.88624E-03  7.59183E-09 -2.90116E-09 -5.40776E-01 -4.82336E-01
 0.81730  7.35746E-01  1.61888E-03  1.06886E-08  3.85739E-09 -6.08779E-01 -4.60182E-01
 0.84720  7.55097E-01  3.17961E-04 -7.55097E-01  3.17961E-04  4.94956E-09 -1.23686E-08
 0.87710  7.74414E-01 -9.96955E-04 -1.12420E-09 -1.28126E-08  6.98424E-01 -3.96954E-01
 0.90700  7.93702E-01 -2.30244E-03  3.17658E-09 -8.23482E-10 -7.33504E-01 -3.71653E-01
 0.93690  8.12963E-01 -3.59037E-03 -8.12963E-01 -3.59037E-03  1.05004E-08 -9.71917E-09
 0.96680  8.32209E-01 -4.84373E-03 -7.34272E-09 -1.47273E-08  7.90809E-01 -3.26755E-01
 0.99670  8.51440E-01 -6.06132E-03 -5.65466E-09  4.96743E-09 -8.16040E-01 -3.07363E-01
 1.02660  8.70665E-01 -7.22952E-03 -8.70665E-01 -7.22952E-03 -8.40432E-01 -2.91519E-01
 1.05650  8.89891E-01 -8.35289E-03 -2.00142E-09 -8.75443E-09  8.63577E-01 -2.75844E-01
 1.08640  9.09118E-01 -9.42090E-03  3.63975E-10  8.99344E-09  8.85942E-01 -2.61865E-01
 1.11630  9.28357E-01 -1.04362E-02 -9.28357E-01 -1.04362E-02 -9.07739E-01 -2.49380E-01
 1.14620  9.47607E-01 -1.14014E-02  5.67796E-09 -1.72891E-08  4.28726E-09  3.17234E-09
 1.17610  9.66874E-01 -1.23096E-02 -1.13877E-08  1.24006E-08  9.50493E-01 -2.27938E-01
 1.20600  9.86164E-01 -1.31658E-02 -9.86164E-01 -1.31658E-02  9.28622E-09 -8.11508E-09
 1.23590  1.00547E+00 -1.39751E-02  9.77749E-09 -8.99172E-09 -9.91977E-01 -2.09451E-01
 1.26580  1.02481E+00 -1.47306E-02  2.36742E-09  1.06872E-08 -1.02481E+00 -1.47306E-02
 1.29570  1.04417E+00 -1.54389E-02 -1.04417E+00 -1.54389E-02  4.90750E-09  4.80114E-09
 1.32560  1.06356E+00 -1.61019E-02  1.73677E-09  5.87831E-09 -1.67913E-08 -2.04619E-09
 1.35550  1.08298E+00 -1.67239E-02  5.83526E-09  7.29222E-09 -1.08298E+00 -1.67239E-02
 1.38540  1.10243E+00 -1.73004E-02 -1.10243E+00 -1.73004E-02 -5.64811E-09  7.19172E-09
 1.41530  1.12192E+00 -1.78382E-02 -8.14801E-09 -4.35336E-09 -1.12192E+00 -1.78382E-02
 1.44520  1.14143E+00 -1.83382E-02  6.22473E-09  1.27623E-08 -6.51672E-09 -1.02769E-08
 1.47510  1.16098E+00 -1.88042E-02 -1.16098E+00 -1.88043E-02 -1.11238E-08  7.75708E-09
 1.50500  1.18056E+00 -1.92358E-02 -1.28150E-08  3.22617E-09 -1.18056E+00 -1.92358E-02
 1.53490  1.20017E+00 -1.96337E-02  1.82175E-09  1.46632E-08 -5.85647E-09 -1.18285E-08
 1.56480  1.21982E+00 -2.00017E-02 -1.21982E+00 -2.00017E-02 -9.09386E-09  9.63040E-09
 1.59470  1.23949E+00 -2.03430E-02 -1.71271E-08  3.34146E-09 -1.23949E+00 -2.03430E-02
 1.62460  1.25920E+00 -2.06576E-02 -1.60994E-08  3.28314E-10  1.52895E-08 -4.77307E-10
 1.65450  1.27894E+00 -2.09463E-02 -1.27894E+00 -2.09463E-02 -1.11969E-08  4.91287E-09
 1.68440  1.29871E+00 -2.12121E-02 -2.94915E-09  9.63324E-09 -1.29871E+00 -2.12121E-02
 1.71430  1.31851E+00 -2.14547E-02 -9.16823E-10  1.30475E-08  1.14719E-09 -1.13434E-08
 1.74420  1.33834E+00 -2.16757E-02 -1.33834E+00 -2.16756E-02 -8.10432E-09  6.57573E-09
 1.77410  1.35821E+00 -2.18775E-02 -5.71217E-09  1.24226E-09 -1.35821E+00 -2.18775E-02
 1.80400  1.37810E+00 -2.20624E-02  2.40611E-09  9.86158E-09 -3.46349E-09 -7.61495E-09
 1.83390  1.39801E+00 -2.22294E-02 -1.39801E+00 -2.22293E-02 -5.01998E-09 -7.71646E-09
 1.86380  1.41796E+00 -2.23796E-02 -9.10560E-09  3.41089E-09 -1.41796E+00 -2.23796E-02
 1.89370  1.43793E+00 -2.25143E-02 -1.67064E-08  9.11678E-09  7.50503E-09 -4.00257E-09
 1.92360  1.45793E+00 -2.26356E-02 -1.45793E+00 -2.26356E-02 -3.28258E-09 -1.03937E-08
 1.95350  1.47796E+00 -2.27429E-02 -2.17571E-08 -3.88025E-10 -1.47796E+00 -2.27429E-02
 1.98340  1.49801E+00 -2.28376E-02  5.06826E-09  1.79558E-08 -4.01220E-09 -1.21432E-08
 2.01330  1.51808E+00 -2.29200E-02 -1.51808E+00 -2.29200E-02  3.02050E-09 -1.37305E-08
 2.04320  1.53819E+00 -2.29916E-02 -1.51889E-08 -4.99834E-09 -1.53819E+00 -2.29915E-02
 2.07310  1.55831E+00 -2.30539E-02  2.80174E-09  1.13904E-08  4.29047E-09 -1.09874E-09
 2.10300  1.57846E+00 -2.31060E-02 -1.57846E+00 -2.31060E-02  7.86383E-09 -6.81693E-09
 2.13290  1.59862E+00 -2.31483E-02 -3.04916E-09 -1.38775E-08 -1.59862E+00 -2.31483E-02
 2.16280  1.61881E+00 -2.31820E-02  9.78890E-09  9.10797E-09 -5.83135E-09 -1.31631E-08
 2.19270  1.63903E+00 -2.32079E-02 -1.63903E+00 -2.32079E-02 -5.93370E-09 -8.66312E-09
 2.22260  1.65926E+00 -2.32262E-02 -7.70464E-09 -6.31990E-09 -1.65926E+00 -2.32261E-02
 2.25250  1.67951E+00 -2.32379E-02  1.50772E-08  9.46371E-09 -1.42216E-08 -8.77545E-09
 2.28240  1.69978E+00 -2.32426E-02 -1.69978E+00 -2.32426E-02 -3.65580E-09 -6.84547E-09
 2.31230  1.72007E+00 -2.32412E-02 -2.94089E-09 -1.16122E-08 -1.72007E+00 -2.32411E-02
 2.34220  1.74038E+00 -2.32337E-02 -4.33529E-09  1.29277E-08  8.33358E-09  2.09315E-09
 2.37210  1.76071E+00 -2.32207E-02 -1.76071E+00 -2.32207E-02 -9.22044E-09 -7.15142E-09
 2.40200  1.78106E+00 -2.32027E-02 -2.23663E-09 -1.25641E-08 -1.78106E+00 -2.32027E-02
 2.43190  1.80142E+00 -2.31804E-02  7.81870E-09 -1.21542E-08 -2.79490E-09  1.21881E-08
 2.46180  1.82180E+00 -2.31543E-02 -1.82180E+00 -2.31543E-02 -9.06909E-09 -1.21871E-08
 2.49170  1.84219E+00 -2.31234E-02 -8.21079E-09  1.42853E-09 -1.84219E+00 -2.31234E-02
 2.52160  1.86260E+00 -2.30883E-02  9.38537E-09  4.69830E-09 -9.20166E-09 -4.46976E-09
 2.55150  1.88303E+00 -2.30493E-02 -1.88303E+00 -2.30493E-02  2.72880E-09 -1.68495E-09
 2.58140  1.90347E+00 -2.30071E-02  6.15270E-09  1.62689E-08 -1.90347E+00 -2.30071E-02
 2.61130  1.92393E+00 -2.29618E-02  1.58151E-08  1.49648E-09 -9.93141E-09  1.10844E-09
 2.64120  1.94440E+00 -2.29136E-02 -1.94440E+00 -2.29136E-02  8.30097E-09  5.60571E-09
 2.67110  1.96488E+00 -2.28626E-02 -1.47465E-08 -3.67802E-09 -1.96488E+00 -2.28626E-02
 2.70100  1.98538E+00 -2.28090E-02  1.37472E-08  1.42927E-09 -7.93069E-09  8.39616E-09
 2.73090  2.00589E+00 -2.27534E-02 -2.00589E+00 -2.27534E-02  1.02143E-08 -5.50513E-09
 2.76080  2.02642E+00 -2.26952E-02 -5.27154E-09  1.11765E-08 -2.02642E+00 -2.26952E-02
 2.79070  2.04695E+00 -2.26349E-02 -6.72571E-09  1.09754E-08 -5.47005E-09 -1.35979E-08
 2.82060  2.06750E+00 -2.25729E-02 -2.06750E+00 -2.25729E-02  5.58479E-09 -6.05739E-09
 2.85050  2.08806E+00 -2.25089E-02  1.35496E-09  1.94339E-08 -2.08806E+00 -2.25089E-02
 2.88040  2.10863E+00 -2.24433E-02  6.76198E-09  7.19967E-09  1.71400E-09 -1.13035E-08
 2.91030  2.12922E+00 -2.23760E-02 -2.12922E+00 -2.23760E-02  1.85573E-08  2.93290E-09
 2.94020  2.14981E+00 -2.23073E-02 -7.31472E-10 -1.62427E-08 -2.14981E+00 -2.23073E-02
 2.97010  2.17042E+00 -2.22373E-02  3.31407E-09  8.97622E-09 -5.31638E-09 -4.25717E-09
