 0.01000  3.67862E-01 -1.04647E-20  9.44997E-07  4.15015E-06  8.55773E-11 -1.46032E-10
 0.03990  3.69509E-01  1.72663E-21  5.85413E-12 -4.20967E-05  1.14518E-11  2.36265E-10
 0.06980  3.73110E-01 -3.57507E-15  7.27110E-17  2.26495E-04 -2.65545E-10  6.24221E-11
 0.09970  3.78619E-01 -7.11147E-09 -3.15031E-17  6.63437E-04 -5.35940E-10 -6.09739E-10
 0.12960  3.85984E-01 -2.36468E-06  1.93281E-16  1.46804E-03 -3.97155E-10 -2.24593E-09
 0.15950  3.95160E-01 -4.42775E-05  9.32482E-16  2.76426E-03 -5.41755E-10 -1.08610E-09
 0.18940  4.06055E-01 -2.42829E-04  1.76403E-16  4.69044E-03 -9.71540E-10  2.87280E-09
 0.21930  4.18456E-01 -7.23396E-04  4.44533E-16  7.40825E-03 -1.76890E-09  1.68252E-09
 0.24920  4.32084E-01 -1.54205E-03  1.60561E-16  1.11196E-02 -1.67818E-09 -3.76035E-09
 0.27910  4.46673E-01 -2.69822E-03  5.47361E-16  1.60889E-02  4.00526E-09 -1.99877E-09
 0.30900  4.62006E-01 -4.16907E-03  5.22533E-16  2.25689E-02  3.24834E-09  3.43569E-10
 0.33890  4.77919E-01 -5.92768E-03  6.00653E-16  3.04678E-02 -3.95541E-09  3.26611E-09
 0.36880  4.94293E-01 -7.94731E-03  1.11627E-15  3.90358E-02 -1.76211E-08  6.80454E-09
 0.39870  5.11040E-01 -1.02038E-02  1.57999E-15  4.70705E-02 -1.25633E-08  3.10487E-09
 0.42860  5.28093E-01 -1.26723E-02  8.36282E-17  5.34252E-02  1.12269E-08 -7.83898E-09
 0.45850  5.45400E-01 -1.53255E-02  1.37673E-16  5.72995E-02  1.60992E-08 -2.45930E-08
 0.48840  5.62921E-01 -1.81340E-02  9.61185E-16  5.82379E-02  2.22491E-09 -2.72086E-08
 0.51830  5.80624E-01 -2.10666E-02  1.51764E-11  5.60129E-02 -3.04396E-08 -1.56889E-08
 0.54820  5.98477E-01 -2.40690E-02  1.10366E-15  5.05115E-02 -1.35138E-08 -1.39660E-08
 0.57810  6.16452E-01 -2.71448E-02  2.88027E-15  4.16541E-02  1.93492E-08 -1.83718E-08
 0.60800  6.34536E-01 -3.02085E-02  4.78355E-11  2.93388E-02  2.52508E-08 -5.41637E-09
 0.63790  6.52700E-01 -3.32948E-02  1.07418E-11  1.33987E-02  4.18594E-09  2.49379E-08
 0.66780  6.70933E-01 -3.63129E-02 -1.88523E-07 -6.44338E-03 -2.19536E-08  2.28881E-08
 0.69770  6.89231E-01 -3.93302E-02 -2.07626E-06 -3.06060E-02 -1.55987E-08 -4.11240E-09
 0.72760  7.07558E-01 -4.22123E-02 -2.65861E-06 -5.96994E-02 -1.34914E-09 -2.02808E-08
 0.75750  7.25922E-01 -4.50333E-02 -3.48614E-06 -9.38324E-02  2.06018E-08 -2.57062E-08
 0.78740  7.44308E-01 -4.77219E-02 -2.83130E-05 -1.34016E-01  1.33784E-08 -1.29886E-08
 0.81730  7.62707E-01 -5.03840E-02 -1.56030E-04 -1.80740E-01 -2.30080E-08  1.78931E-08
 0.84720  7.81114E-01 -5.28926E-02 -5.69458E-04 -2.34268E-01 -2.83651E-08  1.10967E-08
 0.87710  7.99527E-01 -5.52861E-02 -2.67279E-03 -3.14091E-01 -2.80449E-09 -3.34391E-08
 0.90700  8.17940E-01 -5.75499E-02 -6.88764E-03 -3.92848E-01  2.96420E-08  3.12217E-09
 0.93690  8.36349E-01 -5.97561E-02 -8.18294E-03 -4.69524E-01  2.08209E-08  1.77214E-09
 0.96680  8.54743E-01 -6.17696E-02 -1.71500E-01 -4.70885E-01 -2.37437E-08 -2.86395E-08
 0.99670  8.73135E-01 -6.36714E-02 -2.46486E-01 -5.03146E-01 -8.91579E-09 -1.71833E-08
 1.02660  8.91521E-01 -6.54276E-02 -3.35993E-01 -5.60591E-01  1.33125E-08  2.08658E-08
 1.05650  9.09919E-01 -6.70938E-02 -4.66126E-01 -5.99857E-01 -1.95521E-10  4.05082E-08
 1.08640  9.28307E-01 -6.85905E-02 -6.36616E-01 -5.69243E-01 -4.94605E-08  4.18315E-08
 1.11630  9.46689E-01 -7.00041E-02 -7.47695E-01 -4.82909E-01 -1.51227E-08 -1.22878E-08
 1.14620  9.65091E-01 -7.12759E-02 -7.92285E-01 -4.33984E-01  1.71856E-08 -1.62882E-08
 1.17610  9.83493E-01 -7.23920E-02 -8.21514E-01 -3.96864E-01  4.80473E-08  3.00060E-08
 1.20600  1.00191E+00 -7.34120E-02 -8.51334E-01 -3.67955E-01  1.92456E-08  1.73431E-08
 1.23590  1.02036E+00 -7.42876E-02 -8.78808E-01 -3.40911E-01 -1.96682E-08 -1.86595E-08
 1.26580  1.03884E+00 -7.50492E-02 -9.03803E-01 -3.22140E-01 -1.27243E-08  2.25275E-10
 1.29570  1.05734E+00 -7.57034E-02 -9.27940E-01 -3.04595E-01  1.38955E-08  3.16666E-08
 1.32560  1.07589E+00 -7.62787E-02 -9.51877E-01 -2.90035E-01  1.19459E-08  2.81333E-08
 1.35550  1.09448E+00 -7.67305E-02 -9.75081E-01 -2.77975E-01 -1.85661E-08 -1.03488E-08
 1.38540  1.11311E+00 -7.70784E-02 -9.98204E-01 -2.65901E-01 -2.36091E-08 -1.39612E-08
 1.41530  1.13179E+00 -7.73768E-02 -1.02095E+00 -2.55382E-01 -3.18565E-09  1.73102E-08
 1.44520  1.15052E+00 -7.75838E-02 -1.04336E+00 -2.46408E-01 -8.87578E-09  2.87988E-08
 1.47510  1.16931E+00 -7.76815E-02 -1.06561E+00 -2.37262E-01 -4.07419E-08  2.04458E-08
 1.50500  1.18816E+00 -7.77214E-02 -1.08776E+00 -2.29207E-01 -1.84298E-08  2.14539E-08
 1.53490  1.20706E+00 -7.76942E-02 -1.10990E+00 -2.21772E-01  5.81682E-08  3.18386E-08
 1.56480  1.22602E+00 -7.76138E-02 -1.13153E+00 -2.15280E-01  1.93437E-09  1.91269E-08
 1.59470  1.24505E+00 -7.74821E-02 -1.15330E+00 -2.08670E-01 -1.81576E-08 -1.85788E-09
 1.62460  1.26413E+00 -7.72808E-02 -1.17493E+00 -2.02588E-01 -2.10690E-09 -3.11462E-08
 1.65450  1.28327E+00 -7.70409E-02 -1.19659E+00 -1.96911E-01  1.83972E-08 -2.98786E-08
 1.68440  1.30247E+00 -7.67684E-02 -1.21796E+00 -1.91920E-01  4.31492E-08  2.77236E-09
 1.71430  1.32172E+00 -7.64518E-02 -1.23939E+00 -1.86735E-01  2.40263E-09  4.23009E-08
 1.74420  1.34104E+00 -7.61115E-02 -1.26083E+00 -1.82095E-01 -5.57495E-09  2.87502E-09
 1.77410  1.36041E+00 -7.57336E-02 -1.28214E+00 -1.77573E-01 -4.26530E-09 -4.11563E-09
 1.80400  1.37984E+00 -7.53337E-02 -1.30347E+00 -1.73215E-01  6.34265E-09  2.13470E-08
 1.83390  1.39931E+00 -7.49086E-02 -1.32469E+00 -1.69450E-01 -4.58106E-09  2.65616E-08
 1.86380  1.41884E+00 -7.44590E-02 -1.34592E+00 -1.65541E-01 -3.63491E-08  1.19166E-08
 1.89370  1.43841E+00 -7.39940E-02 -1.36714E+00 -1.61902E-01 -3.19167E-08 -2.31982E-09
 1.92360  1.45804E+00 -7.35265E-02 -1.38833E+00 -1.58417E-01  8.71800E-09 -1.61551E-08
 1.95350  1.47772E+00 -7.30387E-02 -1.40952E+00 -1.55086E-01  1.63023E-08 -4.74646E-09
 1.98340  1.49743E+00 -7.25409E-02 -1.43063E+00 -1.52015E-01 -9.20879E-09  3.19157E-08
 2.01330  1.51720E+00 -7.20273E-02 -1.45177E+00 -1.48976E-01 -1.44301E-08  1.17921E-08
 2.04320  1.53700E+00 -7.15105E-02 -1.47289E+00 -1.46041E-01 -1.98381E-08 -8.12444E-10
 2.07310  1.55685E+00 -7.09821E-02 -1.49400E+00 -1.43231E-01 -2.54456E-08 -5.90299E-09
 2.10300  1.57673E+00 -7.04567E-02 -1.51511E+00 -1.40562E-01 -3.12874E-08 -3.48237E-09
 2.13290  1.59665E+00 -6.99206E-02 -1.53619E+00 -1.37979E-01 -3.68235E-08  7.53833E-09
 2.16280  1.61661E+00 -6.93911E-02 -1.55729E+00 -1.35482E-01 -2.77435E-08  2.76711E-08
 2.19270  1.63661E+00 -6.88509E-02 -1.57834E+00 -1.33170E-01 -6.28914E-10  1.89816E-08
 2.22260  1.65664E+00 -6.83108E-02 -1.59941E+00 -1.30857E-01  4.45994E-08 -1.85675E-08
 2.25250  1.67670E+00 -6.77703E-02 -1.62048E+00 -1.28637E-01  1.61326E-08 -1.10454E-08
 2.28240  1.69679E+00 -6.72342E-02 -1.64153E+00 -1.26495E-01 -1.82237E-08 -6.76632E-09
 2.31230  1.71692E+00 -6.66998E-02 -1.66259E+00 -1.24424E-01 -1.72795E-08  1.12565E-08
 2.34220  1.73707E+00 -6.61631E-02 -1.68365E+00 -1.22425E-01  1.88354E-08  4.26700E-08
 2.37210  1.75725E+00 -6.56296E-02 -1.70470E+00 -1.20491E-01  2.30675E-08  1.85814E-08
 2.40200  1.77746E+00 -6.51010E-02 -1.72576E+00 -1.18639E-01  1.28571E-08 -3.26895E-08
 2.43190  1.79769E+00 -6.45727E-02 -1.74679E+00 -1.16866E-01 -7.11083E-09 -2.37050E-08
 2.46180  1.81795E+00 -6.40506E-02 -1.76784E+00 -1.15109E-01 -1.34060E-08  3.87229E-08
 2.49170  1.83824E+00 -6.35299E-02 -1.78889E+00 -1.13408E-01  4.35248E-09  1.73206E-08
 2.52160  1.85854E+00 -6.30148E-02 -1.80993E+00 -1.11772E-01  1.51333E-08 -1.44329E-08
 2.55150  1.87887E+00 -6.25024E-02 -1.83097E+00 -1.10172E-01  8.71859E-09 -3.06597E-08
 2.58140  1.89922E+00 -6.19973E-02 -1.85202E+00 -1.08614E-01 -1.49055E-08 -3.13936E-08
 2.61130  1.91960E+00 -6.14932E-02 -1.87306E+00 -1.07117E-01 -3.06590E-08 -1.40855E-08
 2.64120  1.93999E+00 -6.09944E-02 -1.89411E+00 -1.05655E-01 -3.77283E-08  2.06995E-08
 2.67110  1.96040E+00 -6.05006E-02 -1.91516E+00 -1.04232E-01  4.80970E-09  2.38454E-08
 2.70100  1.98083E+00 -6.00116E-02 -1.93621E+00 -1.02865E-01  2.27352E-08  1.03844E-08
 2.73090  2.00128E+00 -5.95294E-02 -1.95725E+00 -1.01535E-01  1.60481E-08 -1.96834E-08
 2.76080  2.02175E+00 -5.90512E-02 -1.97829E+00 -1.00230E-01 -1.52412E-08 -6.64255E-08
 2.79070  2.04223E+00 -5.85775E-02 -1.99934E+00 -9.89540E-02 -2.58825E-08 -1.99567E-08
 2.82060  2.06273E+00 -5.81104E-02 -2.02039E+00 -9.77146E-02 -1.19403E-08  2.95872E-08
 2.85050  2.08324E+00 -5.76484E-02 -2.04144E+00 -9.65043E-02  1.01088E-08  2.91213E-08
 2.88040  2.10378E+00 -5.71903E-02 -2.06249E+00 -9.53383E-02  3.34274E-08 -2.52807E-08
 2.91030  2.12432E+00 -5.67381E-02 -2.08355E+00 -9.41903E-02  9.17567E-09  1.68017E-08
 2.94020  2.14488E+00 -5.62922E-02 -2.10460E+00 -9.30681E-02  3.83219E-09  2.68039E-08
 2.97010  2.16546E+00 -5.58505E-02 -2.12566E+00 -9.19784E-02  1.74176E-08  4.72735E-09
