 0.01000  3.67834E-01  4.25456E-19  7.09627E-01  3.91781E-21  2.96538E-01 -6.58143E-01
 0.03990  3.69058E-01 -2.83634E-14  7.15745E-01 -1.63167E-08  2.72286E-01 -2.38217E-01
 0.06980  3.71727E-01 -1.24965E-07  7.29501E-01 -6.26834E-05 -4.95120E-06  2.64117E-04
 0.09970  3.75788E-01 -6.82829E-06  7.52228E-01 -3.17280E-04 -3.75788E-01 -6.82829E-06
 0.12960  3.81149E-01 -3.70072E-05  7.87094E-01 -2.38370E-03 -7.87094E-01 -2.38370E-03
 0.15950  3.87678E-01 -9.19048E-05  8.33635E-01 -1.29028E-02 -8.33635E-01 -1.29028E-02
 0.18940  3.95217E-01 -1.61156E-04  8.86255E-01 -3.41573E-02 -3.95217E-01 -1.61156E-04
 0.21930  4.03549E-01 -2.10700E-04  9.41989E-01 -6.43459E-02 -1.84380E-02 -6.34440E-03
 0.24920  4.12398E-01 -7.29723E-05  9.99398E-01 -1.01261E-01 -2.93695E-02 -1.75472E-02
 0.27910  4.21606E-01  6.57921E-04  1.05584E+00 -1.41817E-01 -4.21606E-01  6.57921E-04
 0.30900  4.31397E-01  2.46256E-03  1.11250E+00 -1.89715E-01 -1.11250E+00 -1.89715E-01
 0.33890  4.42367E-01  5.51918E-03  1.16978E+00 -2.45617E-01 -1.56176E+00 -3.45749E-01
 0.36880  4.55118E-01  9.48145E-03  1.22349E+00 -3.05204E-01 -1.56184E+00 -4.06519E-01
 0.39870  4.69865E-01  1.36684E-02  1.27733E+00 -3.73125E-01 -1.27733E+00 -3.73125E-01
 0.42860  4.86384E-01  1.74563E-02  1.32950E+00 -4.47254E-01 -3.18757E-02 -2.06921E-01
 0.45850  5.04238E-01  2.04942E-02  1.37960E+00 -5.25829E-01  1.53789E+00 -6.01234E-01
 0.48840  5.22992E-01  2.26806E-02  1.42152E+00 -6.01063E-01 -5.22992E-01  2.26806E-02
 0.51830  5.42302E-01  2.40603E-02  1.43312E+00 -6.76342E-01 -1.53253E+00 -7.86589E-01
 0.54820  5.61929E-01  2.47410E-02  1.39727E+00 -7.49447E-01 -1.05119E+00 -8.54306E-01
 0.57810  5.81713E-01  2.48459E-02  1.32294E+00 -8.30868E-01  1.26759E-01 -4.24781E-01
 0.60800  6.01552E-01  2.44919E-02  1.21185E+00 -9.11130E-01  1.88198E-01 -4.59602E-01
 0.63790  6.21385E-01  2.37817E-02  1.06068E+00 -1.00498E+00 -6.21385E-01  2.37817E-02
 0.66780  6.41176E-01  2.28017E-02 -2.75455E-09  4.26778E-10 -6.41176E-01  2.28017E-02
 0.69770  6.60907E-01  2.16227E-02 -4.40373E-01 -5.12375E-01 -2.48334E-10 -4.70542E-10
 0.72760  6.80570E-01  2.03024E-02 -5.19401E-01 -4.93116E-01  5.19395E-01 -4.93125E-01
 0.75750  7.00165E-01  1.88872E-02 -2.43089E-09 -6.75406E-10  5.87560E-01 -4.73085E-01
 0.78740  7.19695E-01  1.74132E-02 -7.19695E-01  1.74132E-02  8.49058E-10 -4.18851E-09
 0.81730  7.39169E-01  1.59093E-02  3.48692E-09  6.37579E-10 -6.76154E-01 -4.09010E-01
 0.84720  7.58591E-01  1.43991E-02  1.35487E-09 -4.33011E-09 -7.78172E-10  3.89896E-09
 0.87710  7.77973E-01  1.28980E-02 -7.77973E-01  1.28980E-02  7.40772E-01 -3.58146E-01
 0.90700  7.97320E-01  1.14221E-02 -3.68791E-09  4.23454E-09 -3.18075E-09  8.07889E-11
 0.93690  8.16642E-01  9.97827E-03 -1.40731E-09 -3.81536E-09 -7.94156E-01 -3.17731E-01
 0.96680  8.35944E-01  8.57707E-03 -8.35944E-01  8.57707E-03  8.14679E-10  4.31679E-09
 0.99670  8.55237E-01  7.22118E-03  3.03071E-09  4.23744E-09 -4.84709E-09  7.44547E-09
 1.02660  8.74522E-01  5.91524E-03  2.42954E-09  2.83519E-09 -8.63811E-01 -2.70200E-01
 1.05650  8.93808E-01  4.66266E-03 -8.93808E-01  4.66264E-03 -7.58887E-10 -1.54792E-09
 1.08640  9.13100E-01  3.46151E-03 -3.03017E-09  3.25967E-09  4.92753E-09 -5.31804E-10
 1.11630  9.32399E-01  2.31520E-03 -1.92204E-09 -7.37148E-09 -9.27808E-01 -2.34350E-01
 1.14620  9.51712E-01  1.22314E-03 -9.51712E-01  1.22314E-03  4.47972E-09 -1.13873E-09
 1.17610  9.71043E-01  1.82381E-04  3.58441E-10  5.03572E-09 -5.91145E-10 -5.13219E-09
 1.20600  9.90390E-01 -8.06963E-04 -4.11129E-09 -1.81928E-11 -9.89059E-01 -2.05820E-01
 1.23590  1.00976E+00 -1.74457E-03 -1.00976E+00 -1.74457E-03 -1.81914E-09 -3.76864E-09
 1.26580  1.02915E+00 -2.63379E-03 -3.60450E-09  2.95105E-10  4.68109E-09 -3.66357E-09
 1.29570  1.04857E+00 -3.47737E-03  1.88933E-09  4.87984E-09 -1.04922E+00 -1.83433E-01
 1.32560  1.06801E+00 -4.27570E-03 -1.06801E+00 -4.27570E-03  4.32173E-09  2.96354E-10
 1.35550  1.08748E+00 -5.02959E-03  5.63166E-10  3.59179E-09 -1.08748E+00 -5.02959E-03
 1.38540  1.10698E+00 -5.74196E-03  2.89435E-09 -4.10077E-10  1.02596E-09 -5.09649E-09
 1.41530  1.12651E+00 -6.41535E-03 -1.12651E+00 -6.41535E-03  8.65261E-10  7.20856E-09
 1.44520  1.14607E+00 -7.05197E-03 -4.26823E-09  2.69800E-09 -1.14607E+00 -7.05197E-03
 1.47510  1.16565E+00 -7.65212E-03  2.17985E-09 -8.52742E-10 -1.19560E-09  7.89569E-09
 1.50500  1.18527E+00 -8.21759E-03 -1.18527E+00 -8.21759E-03 -4.92979E-09  2.72714E-09
 1.53490  1.20491E+00 -8.75029E-03 -5.23920E-09  2.72600E-09 -1.20491E+00 -8.75029E-03
 1.56480  1.22459E+00 -9.25232E-03  7.00657E-09  2.20306E-10 -4.14170E-09  1.06517E-09
 1.59470  1.24429E+00 -9.72557E-03 -1.24429E+00 -9.72557E-03  7.00174E-09  1.78635E-09
 1.62460  1.26402E+00 -1.01716E-02  4.34471E-05  7.97780E-10 -1.26402E+00 -1.01716E-02
 1.65450  1.28379E+00 -1.05910E-02 -4.68545E-05  9.52195E-10  4.68545E-05  9.52299E-10
 1.68440  1.30357E+00 -1.09851E-02 -1.30357E+00 -1.09851E-02 -5.03841E-05  1.12911E-09
 1.71430  1.32339E+00 -1.13556E-02  5.40294E-05  1.33123E-09 -1.32339E+00 -1.13556E-02
 1.74420  1.34324E+00 -1.17035E-02 -5.77822E-05  1.56056E-09  5.77822E-05  1.56072E-09
 1.77410  1.36311E+00 -1.20303E-02 -1.36311E+00 -1.20303E-02 -6.16342E-05  1.82001E-09
 1.80400  1.38301E+00 -1.23372E-02  6.55753E-05  2.11212E-09 -1.38301E+00 -1.23372E-02
 1.83390  1.40294E+00 -1.26255E-02 -6.95950E-05  2.48684E-09  6.95950E-05  2.48683E-09
 1.86380  1.42289E+00 -1.28961E-02 -1.42289E+00 -1.28961E-02 -7.36810E-05  2.85808E-09
 1.89370  1.44287E+00 -1.31493E-02  5.50276E-05  1.10466E-09 -1.44287E+00 -1.31493E-02
 1.92360  1.46287E+00 -1.33863E-02 -1.84104E-10  7.26075E-09  5.15632E-10 -7.70140E-09
 1.95350  1.48290E+00 -1.36080E-02 -1.48290E+00 -1.36080E-02 -4.30960E-09 -9.28272E-10
 1.98340  1.50295E+00 -1.38153E-02 -3.49872E-09  4.41802E-09 -1.50295E+00 -1.38153E-02
 2.01330  1.52302E+00 -1.40090E-02  5.63509E-09  3.18988E-09 -3.88696E-09  1.41482E-10
 2.04320  1.54312E+00 -1.41897E-02 -1.54312E+00 -1.41897E-02 -1.14676E-09  4.72876E-09
 2.07310  1.56324E+00 -1.43581E-02 -3.87168E-09  1.64789E-09 -1.56324E+00 -1.43581E-02
 2.10300  1.58338E+00 -1.45151E-02  9.75558E-09 -1.83515E-10 -8.77047E-09  7.69423E-10
 2.13290  1.60354E+00 -1.46612E-02 -1.60354E+00 -1.46612E-02 -3.56333E-10 -6.03165E-09
 2.16280  1.62372E+00 -1.47970E-02 -4.69547E-09 -1.74992E-09 -1.62372E+00 -1.47970E-02
 2.19270  1.64392E+00 -1.49232E-02  6.83706E-09  1.90074E-09 -4.99013E-09 -9.38744E-10
 2.22260  1.66415E+00 -1.50398E-02 -1.66415E+00 -1.50398E-02 -6.09612E-09  3.91773E-11
 2.25250  1.68439E+00 -1.51476E-02 -3.07291E-09 -9.35800E-11 -1.68439E+00 -1.51476E-02
 2.28240  1.70465E+00 -1.52469E-02  8.28984E-10  1.65475E-09  2.43467E-09 -9.57563E-09
 2.31230  1.72492E+00 -1.53384E-02 -1.72492E+00 -1.53384E-02  8.78070E-09  9.05718E-10
 2.34220  1.74522E+00 -1.54224E-02 -7.30175E-09  1.46090E-10 -1.74522E+00 -1.54224E-02
 2.37210  1.76553E+00 -1.54993E-02  1.59825E-09  5.94251E-09  2.28928E-09 -7.69064E-09
 2.40200  1.78587E+00 -1.55696E-02 -1.78587E+00 -1.55696E-02  2.73825E-05  3.67507E-10
 2.43190  1.80621E+00 -1.56334E-02  2.87375E-05  4.15350E-10 -1.80621E+00 -1.56334E-02
 2.46180  1.82658E+00 -1.56912E-02 -3.01060E-05  4.67805E-10  3.01060E-05  4.68339E-10
 2.49170  1.84695E+00 -1.57432E-02 -1.84695E+00 -1.57432E-02  3.14843E-05  5.25774E-10
 2.52160  1.86735E+00 -1.57898E-02  3.28678E-05  5.90384E-10 -1.86735E+00 -1.57898E-02
 2.55150  1.88776E+00 -1.58313E-02 -3.42498E-05  6.60994E-10  3.42498E-05  6.60483E-10
 2.58140  1.90818E+00 -1.58680E-02 -1.90818E+00 -1.58680E-02  3.56244E-05  7.37473E-10
 2.61130  1.92862E+00 -1.59001E-02  3.69863E-05  8.22770E-10 -1.92862E+00 -1.59001E-02
 2.64120  1.94907E+00 -1.59278E-02 -3.83263E-05  9.14405E-10  3.83263E-05  9.14539E-10
 2.67110  1.96954E+00 -1.59515E-02 -1.96954E+00 -1.59515E-02  3.96356E-05  1.01393E-09
 2.70100  1.99002E+00 -1.59712E-02  4.09064E-05  1.13331E-09 -1.99002E+00 -1.59712E-02
 2.73090  2.01051E+00 -1.59871E-02 -4.21284E-05  1.25366E-09  4.21284E-05  1.25351E-09
 2.76080  2.03102E+00 -1.59994E-02 -2.03102E+00 -1.59994E-02  4.32882E-05  1.38342E-09
 2.79070  2.05153E+00 -1.60084E-02  4.43726E-05  1.52248E-09 -2.05153E+00 -1.60084E-02
 2.82060  2.07206E+00 -1.60142E-02 -4.53692E-05  1.67444E-09  4.53692E-05  1.67446E-09
 2.85050  2.09260E+00 -1.60170E-02 -2.09260E+00 -1.60170E-02  3.27114E-05  5.09338E-10
 2.88040  2.11316E+00 -1.60170E-02  3.32530E-05  5.49404E-10 -2.11316E+00 -1.60170E-02
 2.91030  2.13372E+00 -1.60143E-02 -3.36901E-05  5.91340E-10  3.36901E-05  5.91055E-10
 2.94020  2.15429E+00 -1.60090E-02 -2.15429E+00 -1.60090E-02  3.40061E-05  6.35321E-10
 2.97010  2.17488E+00 -1.60013E-02  3.41813E-05  6.82735E-10 -2.17488E+00 -1.60013E-02
