 0.01000  1.36780E+00 -2.83817E-19 -3.67862E-01  2.32275E-22  4.16153E-05 -3.12656E-06
 0.01299  1.36783E+00 -8.75217E-22 -3.67938E-01  2.15050E-17  6.86959E-18  1.45454E-06
 0.01598  1.36787E+00  1.28987E-21 -3.68034E-01  2.13070E-17 -3.00725E-11  5.18481E-13
 0.01897  1.36792E+00 -1.98329E-24 -3.68150E-01 -1.78272E-32 -3.30632E-12  3.89056E-11
 0.02196  1.36798E+00 -3.40175E-26 -3.68285E-01 -3.11685E-31 -9.79207E-16  8.48209E-11
 0.02495  1.36805E+00  9.29115E-27 -3.68440E-01  4.65519E-32 -1.98441E-11  1.38484E-10
 0.02794  1.36813E+00 -1.33117E-29 -3.68614E-01  3.70605E-45 -6.30233E-11  2.00260E-10
 0.03093  1.36821E+00 -4.45640E-31 -3.68809E-01 -1.20120E-45 -3.43927E-11  1.06857E-10
 0.03392  1.36831E+00  6.72746E-32 -3.69023E-01  2.12470E-48  6.61464E-11 -1.41879E-10
 0.03691  1.36841E+00 -8.50892E-35 -3.69256E-01  1.22185E-56  2.08235E-11 -1.02505E-10
 0.03990  1.36852E+00 -4.69351E-36 -3.69509E-01  4.16255E-58 -1.70637E-10  2.25353E-10
 0.04289  1.36865E+00  4.90631E-37 -3.69782E-01 -9.20796E-59 -1.49983E-11  1.19888E-10
 0.04588  1.36878E+00 -5.06909E-40 -3.70074E-01  2.02607E-61  9.47679E-11  9.69272E-11
 0.04887  1.36892E+00 -4.51114E-41 -3.70386E-01 -1.35647E-62  1.58890E-10  1.56494E-10
 0.05186  1.36908E+00  3.61284E-42 -3.70717E-01 -4.20090E-64  1.77609E-10  2.99242E-10
 0.05485  1.36924E+00 -2.65993E-45 -3.71068E-01 -6.10332E-67  1.49761E-10  5.25836E-10
 0.05784  1.36942E+00 -4.14506E-46 -3.71438E-01 -8.55612E-68  7.29355E-11  8.36438E-10
 0.06083  1.36960E+00  2.69469E-47 -3.71827E-01  7.12550E-69 -4.97084E-11  1.23202E-09
 0.06382  1.36980E+00 -6.56784E-15 -3.72235E-01 -1.41138E-17 -1.61276E-10  1.32921E-10
 0.06681  1.37001E+00 -1.14176E-13 -3.72663E-01 -2.69840E-16 -3.25459E-11 -3.55215E-10
 0.06980  1.37024E+00 -1.37927E-12 -3.73110E-01 -3.57507E-15  3.36848E-10 -2.32783E-10
 0.07279  1.37047E+00 -1.22789E-11 -3.73575E-01 -3.47448E-14  3.81242E-10  2.38310E-11
 0.07578  1.37072E+00 -8.45055E-11 -3.74060E-01 -2.60577E-13  1.00652E-10  4.15207E-10
 0.07877  1.37099E+00 -4.66994E-10 -3.74564E-01 -1.56317E-12 -3.88361E-10  3.20219E-10
 0.08176  1.37127E+00 -2.13935E-09 -3.75087E-01 -7.76176E-12 -8.18700E-11 -4.67325E-10
 0.08475  1.37156E+00 -8.33433E-09 -3.75629E-01 -3.26571E-11  7.34366E-11 -3.91660E-10
 0.08774  1.37187E+00 -2.82302E-08 -3.76189E-01 -1.19305E-10  7.66373E-11  5.46910E-10
 0.09073  1.37219E+00 -8.46490E-08 -3.76769E-01 -3.85079E-10  8.39743E-11  5.36464E-10
 0.09372  1.37254E+00 -2.28180E-07 -3.77367E-01 -1.11597E-09  9.55475E-11 -4.23357E-10
 0.09671  1.37290E+00 -5.59977E-07 -3.77984E-01 -2.93638E-09 -2.93476E-10 -6.79158E-10
 0.09970  1.37328E+00 -1.26546E-06 -3.78619E-01 -7.11147E-09 -1.08415E-09 -2.31042E-10
 0.10269  1.37369E+00 -2.65754E-06 -3.79273E-01 -1.59799E-08 -7.46274E-10  1.92577E-10
 0.10568  1.37412E+00 -5.22915E-06 -3.79945E-01 -3.36028E-08  7.21180E-10  5.91760E-10
 0.10867  1.37457E+00 -9.70859E-06 -3.80636E-01 -6.66149E-08  4.61757E-10  1.30691E-10
 0.11166  1.37505E+00 -1.71113E-05 -3.81345E-01 -1.25254E-07 -6.00334E-10 -2.10405E-10
 0.11465  1.37556E+00 -2.87796E-05 -3.82072E-01 -2.24545E-07 -4.55168E-10 -2.56710E-10
 0.11764  1.37609E+00 -4.64060E-05 -3.82818E-01 -3.85722E-07  8.97636E-10 -8.21829E-12
 0.12063  1.37666E+00 -7.20421E-05 -3.83582E-01 -6.37769E-07  7.17198E-10  3.11891E-10
 0.12362  1.37727E+00 -1.08050E-04 -3.84365E-01 -1.01771E-06 -9.98721E-10  7.03234E-10
 0.12661  1.37790E+00 -1.57093E-04 -3.85165E-01 -1.57407E-06  2.78163E-11 -8.86739E-10
 0.12960  1.37857E+00 -2.22011E-04 -3.85984E-01 -2.36468E-06  7.73922E-10 -1.87583E-10
 0.13259  1.37928E+00 -3.05824E-04 -3.86821E-01 -3.45981E-06 -6.87578E-11  8.24053E-10
 0.13558  1.38002E+00 -4.11569E-04 -3.87676E-01 -4.94300E-06 -1.04571E-09  4.81061E-10
 0.13857  1.38080E+00 -5.42251E-04 -3.88549E-01 -6.90803E-06 -1.63770E-10 -1.42893E-09
 0.14156  1.38161E+00 -7.00771E-04 -3.89440E-01 -9.46056E-06  1.95528E-10 -1.09091E-09
 0.14455  1.38245E+00 -8.89875E-04 -3.90349E-01 -1.27175E-05  3.21516E-11  1.49612E-09
 0.14754  1.38332E+00 -1.11207E-03 -3.91276E-01 -1.68059E-05 -1.13513E-09  7.28078E-11
 0.15053  1.38422E+00 -1.36975E-03 -3.92221E-01 -2.18614E-05  3.91302E-10 -8.39316E-10
 0.15352  1.38516E+00 -1.66485E-03 -3.93183E-01 -2.80262E-05  1.07658E-09  2.97881E-10
 0.15651  1.38611E+00 -1.99913E-03 -3.94163E-01 -3.54480E-05  1.29852E-11  2.76049E-09
 0.15950  1.38709E+00 -2.37411E-03 -3.95160E-01 -4.42775E-05  1.43770E-09  2.61274E-10
 0.16249  1.38809E+00 -2.79103E-03 -3.96175E-01 -5.46683E-05  8.27537E-10 -1.01867E-09
 0.16548  1.38912E+00 -3.25096E-03 -3.97207E-01 -6.67757E-05 -1.81966E-09 -1.07992E-09
 0.16847  1.39016E+00 -3.75546E-03 -3.98256E-01 -8.07585E-05 -2.07314E-10  1.39026E-09
 0.17146  1.39121E+00 -4.30371E-03 -3.99321E-01 -9.67577E-05  1.87537E-09  4.57424E-10
 0.17445  1.39228E+00 -4.89679E-03 -4.00404E-01 -1.14913E-04  2.33419E-09 -5.74739E-10
 0.17744  1.39336E+00 -5.53525E-03 -4.01502E-01 -1.35374E-04  1.16418E-09 -1.71600E-09
 0.18043  1.39446E+00 -6.22064E-03 -4.02617E-01 -1.58285E-04 -1.63532E-09 -2.97183E-09
 0.18342  1.39556E+00 -6.94984E-03 -4.03747E-01 -1.83741E-04 -1.31093E-09 -4.30284E-10
 0.18641  1.39666E+00 -7.72770E-03 -4.04894E-01 -2.11887E-04  4.95558E-10  2.54477E-09
 0.18940  1.39778E+00 -8.54767E-03 -4.06055E-01 -2.42829E-04  1.22793E-09  1.41824E-09
 0.19239  1.39889E+00 -9.41345E-03 -4.07232E-01 -2.76643E-04  1.00687E-09 -3.79817E-09
 0.19538  1.40002E+00 -1.03281E-02 -4.08423E-01 -3.13468E-04  1.18363E-09 -1.99298E-09
 0.19837  1.40114E+00 -1.12838E-02 -4.09630E-01 -3.53326E-04  1.33441E-09  1.59844E-09
 0.20136  1.40226E+00 -1.22898E-02 -4.10850E-01 -3.96356E-04  8.27674E-11  1.12946E-09
 0.20435  1.40338E+00 -1.33347E-02 -4.12084E-01 -4.42554E-04 -1.28919E-09 -1.63282E-09
 0.20734  1.40450E+00 -1.44309E-02 -4.13332E-01 -4.92049E-04 -9.44706E-10 -2.10646E-09
 0.21033  1.40562E+00 -1.55645E-02 -4.14594E-01 -5.44812E-04  1.11729E-09 -2.91861E-10
 0.21332  1.40674E+00 -1.67498E-02 -4.15869E-01 -6.00965E-04  1.06579E-09  2.02120E-09
 0.21631  1.40784E+00 -1.79717E-02 -4.17156E-01 -6.60457E-04 -1.09150E-09  4.83728E-09
 0.21930  1.40895E+00 -1.92450E-02 -4.18456E-01 -7.23396E-04 -1.06201E-09  9.52812E-10
 0.22229  1.41006E+00 -2.05650E-02 -4.19768E-01 -7.89736E-04 -2.15666E-09 -3.55799E-10
 0.22528  1.41115E+00 -2.19158E-02 -4.21093E-01 -8.59531E-04 -4.36523E-09  9.24022E-10
 0.22827  1.41224E+00 -2.33226E-02 -4.22429E-01 -9.32795E-04 -2.32187E-09  7.50694E-10
 0.23126  1.41331E+00 -2.47625E-02 -4.23776E-01 -1.00947E-03  4.03306E-09 -8.77042E-10
 0.23425  1.41438E+00 -2.62555E-02 -4.25134E-01 -1.08965E-03  2.22479E-09 -1.21584E-10
 0.23724  1.41545E+00 -2.77941E-02 -4.26504E-01 -1.17327E-03 -9.89736E-10 -1.24112E-09
 0.24023  1.41650E+00 -2.93650E-02 -4.27884E-01 -1.26031E-03 -6.39525E-10 -2.44713E-09
 0.24322  1.41754E+00 -3.09897E-02 -4.29274E-01 -1.35082E-03  3.27927E-09 -3.74849E-09
 0.24621  1.41857E+00 -3.26534E-02 -4.30674E-01 -1.44474E-03  1.24472E-10 -1.87457E-09
 0.24920  1.41960E+00 -3.43650E-02 -4.32084E-01 -1.54205E-03 -2.20809E-09  1.32554E-09
 0.25219  1.42061E+00 -3.61219E-02 -4.33504E-01 -1.64278E-03 -2.24440E-09  1.24305E-10
 0.25518  1.42162E+00 -3.79233E-02 -4.34933E-01 -1.74688E-03  1.55783E-11 -5.48711E-09
 0.25817  1.42260E+00 -3.97691E-02 -4.36371E-01 -1.85430E-03  3.25667E-09 -4.60627E-10
 0.26116  1.42358E+00 -4.16599E-02 -4.37818E-01 -1.96507E-03 -2.82232E-10  2.39012E-09
 0.26415  1.42455E+00 -4.35952E-02 -4.39273E-01 -2.07915E-03 -4.50303E-09 -2.94155E-10
 0.26714  1.42551E+00 -4.55878E-02 -4.40737E-01 -2.19650E-03 -4.53245E-09 -1.04933E-09
 0.27013  1.42645E+00 -4.76165E-02 -4.42209E-01 -2.31711E-03 -3.70700E-10  1.24593E-10
 0.27312  1.42737E+00 -4.96892E-02 -4.43690E-01 -2.44094E-03  2.91007E-09 -1.08595E-09
 0.27611  1.42833E+00 -5.18358E-02 -4.45177E-01 -2.56798E-03  4.70189E-09 -5.27581E-09
 0.27910  1.42922E+00 -5.40083E-02 -4.46673E-01 -2.69822E-03  8.93777E-10 -2.64341E-09
 0.28209  1.43010E+00 -5.62252E-02 -4.48176E-01 -2.83158E-03 -2.68019E-10  4.27630E-09
 0.28508  1.43105E+00 -5.85278E-02 -4.49686E-01 -2.96805E-03  1.30273E-09  3.06254E-09
 0.28807  1.43191E+00 -6.08549E-02 -4.51203E-01 -3.10761E-03  2.79349E-09 -1.48180E-09
 0.29106  1.43274E+00 -6.32263E-02 -4.52727E-01 -3.25033E-03 -2.54006E-10 -5.19037E-09
 0.29405  1.43356E+00 -6.56420E-02 -4.54258E-01 -3.39601E-03 -1.62920E-09 -2.08088E-09
 0.29704  1.43452E+00 -6.81691E-02 -4.55795E-01 -3.54467E-03 -1.34071E-09  7.85801E-09
 0.30003  1.43533E+00 -7.07133E-02 -4.57338E-01 -3.69631E-03  2.65058E-09  2.27351E-09
 0.30302  1.43609E+00 -7.32983E-02 -4.58888E-01 -3.85093E-03  2.20863E-09 -4.55418E-09
 0.30601  1.43685E+00 -7.59288E-02 -4.60444E-01 -4.00864E-03 -2.25909E-09 -7.04635E-09
 0.30900  1.43786E+00 -7.86893E-02 -4.62006E-01 -4.16907E-03 -6.91972E-09 -2.96518E-09
 0.31199  1.43861E+00 -8.14792E-02 -4.63573E-01 -4.33234E-03 -5.34079E-09  1.34104E-09
 0.31498  1.43933E+00 -8.42953E-02 -4.65146E-01 -4.49846E-03  2.47593E-09  5.87385E-09
 0.31797  1.44001E+00 -8.71654E-02 -4.66725E-01 -4.66743E-03  7.06748E-09  4.52344E-10
 0.32096  1.44068E+00 -9.00827E-02 -4.68309E-01 -4.83952E-03  6.04003E-09 -2.23732E-09
 0.32395  1.44186E+00 -9.32208E-02 -4.69898E-01 -5.01405E-03 -6.06600E-10 -2.19706E-09
 0.32694  1.44252E+00 -9.63026E-02 -4.71493E-01 -5.19126E-03 -1.20773E-08  8.02419E-10
 0.32993  1.44315E+00 -9.94360E-02 -4.73092E-01 -5.37118E-03 -6.62555E-09 -1.05417E-09
 0.33292  1.44376E+00 -1.02627E-01 -4.74696E-01 -5.55380E-03  4.15320E-09 -9.40279E-09
 0.33591  1.44494E+00 -1.05963E-01 -4.76306E-01 -5.73913E-03 -1.56234E-09 -3.56633E-09
 0.33890  1.44580E+00 -1.09399E-01 -4.77919E-01 -5.92768E-03 -5.27458E-09  1.12433E-08
 0.34189  1.44639E+00 -1.12837E-01 -4.79538E-01 -6.11824E-03  2.08557E-09  6.66841E-09
 0.34488  1.44696E+00 -1.16342E-01 -4.81160E-01 -6.31132E-03  4.78696E-09 -3.02217E-11
 0.34787  1.44751E+00 -1.19905E-01 -4.82788E-01 -6.50695E-03  2.82205E-09 -8.85938E-09
 0.35086  1.44804E+00 -1.23529E-01 -4.84419E-01 -6.70514E-03 -4.91614E-09 -8.30210E-09
 0.35385  1.44994E+00 -1.27456E-01 -4.86055E-01 -6.90587E-03 -1.51959E-08 -1.55480E-10
 0.35684  1.45051E+00 -1.31311E-01 -4.87695E-01 -7.11014E-03 -5.40821E-09  4.13127E-09
 0.35983  1.45107E+00 -1.35236E-01 -4.89338E-01 -7.31589E-03  1.82867E-08  3.35122E-09
 0.36282  1.45156E+00 -1.39267E-01 -4.90986E-01 -7.52397E-03  1.51453E-08  2.07779E-09
 0.36581  1.45208E+00 -1.43343E-01 -4.92638E-01 -7.73446E-03 -1.48305E-08  3.18376E-10
 0.36880  1.45357E+00 -1.47558E-01 -4.94293E-01 -7.94731E-03 -1.02085E-08 -6.55051E-09
 0.37179  1.45537E+00 -1.51901E-01 -4.95952E-01 -8.16250E-03  9.92955E-09 -1.23644E-08
 0.37478  1.45593E+00 -1.56389E-01 -4.97615E-01 -8.38013E-03  1.43375E-08 -8.89831E-09
 0.37777  1.45653E+00 -1.60904E-01 -4.99282E-01 -8.60179E-03  3.01719E-09  3.85281E-09
 0.38076  1.45712E+00 -1.65508E-01 -5.00951E-01 -8.82409E-03 -1.19884E-08  1.29543E-08
 0.38375  1.45762E+00 -1.70317E-01 -5.02624E-01 -9.04862E-03 -1.02714E-08  1.46368E-08
 0.38674  1.45820E+00 -1.75110E-01 -5.04301E-01 -9.27533E-03  8.17395E-09  8.91099E-09
 0.38973  1.45998E+00 -1.80012E-01 -5.05980E-01 -9.50413E-03  1.54513E-08 -3.49115E-09
 0.39272  1.46304E+00 -1.85041E-01 -5.07664E-01 -9.73520E-03  1.16585E-08 -2.25674E-08
 0.39571  1.46400E+00 -1.90252E-01 -5.09350E-01 -9.96844E-03 -1.34866E-08 -1.58826E-08
 0.39870  1.46487E+00 -1.95558E-01 -5.11040E-01 -1.02038E-02 -1.95219E-08  7.14931E-09
 0.40169  1.46575E+00 -2.00983E-01 -5.12733E-01 -1.04413E-02  9.15788E-09  1.00899E-08
 0.40468  1.46653E+00 -2.06807E-01 -5.14428E-01 -1.06839E-02  1.26625E-08 -4.62244E-10
 0.40767  1.46748E+00 -2.12477E-01 -5.16126E-01 -1.09257E-02 -9.01805E-09 -2.45696E-08
 0.41066  1.46847E+00 -2.18226E-01 -5.17827E-01 -1.11693E-02 -8.69732E-09 -1.41384E-08
 0.41365  1.46948E+00 -2.24117E-01 -5.19530E-01 -1.14150E-02  1.36574E-08  3.08508E-08
 0.41664  1.47291E+00 -2.30079E-01 -5.21237E-01 -1.16627E-02  2.15538E-09  6.85712E-09
 0.41963  1.47579E+00 -2.36119E-01 -5.22947E-01 -1.19122E-02 -1.27262E-08 -1.00594E-08
 0.42262  1.47900E+00 -2.42237E-01 -5.24659E-01 -1.21636E-02 -3.01798E-08 -1.40360E-08
 0.42561  1.48237E+00 -2.48199E-01 -5.26375E-01 -1.24170E-02 -1.54829E-08 -8.84641E-09
 0.42860  1.48385E+00 -2.54471E-01 -5.28093E-01 -1.26723E-02  3.14158E-08  5.51300E-09
 0.43159  1.48584E+00 -2.60852E-01 -5.29813E-01 -1.29342E-02  1.32249E-08  1.19728E-08
 0.43458  1.48791E+00 -2.68197E-01 -5.31535E-01 -1.31931E-02 -1.44097E-08  3.98245E-09
 0.43757  1.49014E+00 -2.74877E-01 -5.33260E-01 -1.34540E-02 -1.82090E-08 -1.37093E-08
 0.44056  1.49251E+00 -2.81417E-01 -5.34987E-01 -1.37165E-02  1.82793E-09 -4.12188E-08
 0.44355  1.49497E+00 -2.88206E-01 -5.36716E-01 -1.39808E-02  1.23725E-08 -9.65514E-09
 0.44654  1.49766E+00 -2.95687E-01 -5.38448E-01 -1.42462E-02 -2.46143E-09  1.32716E-08
 0.44953  1.50048E+00 -3.02540E-01 -5.40183E-01 -1.45138E-02 -2.00707E-08  1.77713E-08
 0.45252  1.50337E+00 -3.09436E-01 -5.41919E-01 -1.47830E-02 -2.53270E-08  2.20369E-09
 0.45551  1.50656E+00 -3.16966E-01 -5.43659E-01 -1.50535E-02 -1.33672E-08 -2.93073E-08
 0.45850  1.50979E+00 -3.23832E-01 -5.45400E-01 -1.53255E-02  5.24342E-09 -2.16097E-08
 0.46149  1.51309E+00 -3.30727E-01 -5.47144E-01 -1.55991E-02  2.75864E-08  2.24173E-08
 0.46448  1.51650E+00 -3.37618E-01 -5.48890E-01 -1.58746E-02 -4.47573E-09  9.96293E-09
 0.46747  1.52027E+00 -3.44903E-01 -5.50637E-01 -1.61592E-02 -1.14539E-08 -9.48617E-09
 0.47046  1.52394E+00 -3.51714E-01 -5.52386E-01 -1.64374E-02  6.64659E-09 -3.59520E-08
 0.47345  1.52769E+00 -3.58501E-01 -5.54137E-01 -1.67169E-02  1.78139E-08 -8.53387E-09
 0.47644  1.53198E+00 -3.66329E-01 -5.55890E-01 -1.69981E-02  8.13855E-09  1.33776E-08
 0.47943  1.53561E+00 -3.72128E-01 -5.57644E-01 -1.72801E-02 -2.24718E-08  2.98112E-08
 0.48242  1.53963E+00 -3.78771E-01 -5.59401E-01 -1.75639E-02 -2.76172E-08 -4.68844E-09
 0.48541  1.54416E+00 -3.86417E-01 -5.61160E-01 -1.78489E-02  6.48889E-09 -2.02378E-08
 0.48840  1.54835E+00 -3.92960E-01 -5.62921E-01 -1.81340E-02  1.75453E-08 -6.34153E-09
 0.49139  1.55197E+00 -3.98311E-01 -5.64684E-01 -1.84215E-02  6.56460E-09  3.70897E-08
 0.49438  1.55573E+00 -4.04720E-01 -5.66449E-01 -1.87101E-02 -7.45865E-09  2.22902E-08
 0.49737  1.56099E+00 -4.12135E-01 -5.68215E-01 -1.89990E-02 -7.14076E-09 -1.80239E-08
 0.50036  1.56538E+00 -4.18494E-01 -5.69984E-01 -1.92900E-02  2.62238E-09 -2.47550E-08
 0.50335  1.56926E+00 -4.23509E-01 -5.71754E-01 -1.95820E-02  2.18816E-08  2.11070E-09
 0.50634  1.57280E+00 -4.27983E-01 -5.73526E-01 -1.98850E-02  4.49798E-09  2.65616E-08
 0.50933  1.57630E+00 -4.32924E-01 -5.75298E-01 -2.01795E-02 -1.79287E-08  1.70662E-08
 0.51232  1.58018E+00 -4.39310E-01 -5.77071E-01 -2.04749E-02 -3.17278E-08 -2.32953E-08
 0.51531  1.58424E+00 -4.51353E-01 -5.78847E-01 -2.07695E-02 -2.53315E-08 -2.98871E-08
 0.51830  1.58748E+00 -4.58369E-01 -5.80624E-01 -2.10666E-02  1.26117E-09 -2.70949E-09
 0.52129  1.59026E+00 -4.60746E-01 -5.82402E-01 -2.13639E-02  5.39958E-09  9.47204E-09
 0.52428  1.59422E+00 -4.65246E-01 -5.84182E-01 -2.16605E-02 -1.28981E-08  6.66835E-09
 0.52727  1.60255E+00 -4.72719E-01 -5.85964E-01 -2.19599E-02 -2.85192E-08  1.53383E-09
 0.53026  1.60092E+00 -4.86113E-01 -5.87747E-01 -2.22602E-02 -4.09702E-08 -7.07742E-09
 0.53325  1.60453E+00 -4.89319E-01 -5.89531E-01 -2.25611E-02 -3.17124E-08 -1.09117E-09
 0.53624  1.60799E+00 -4.94656E-01 -5.91318E-01 -2.28600E-02 -7.53000E-10  1.95109E-08
 0.53923  1.61223E+00 -5.02419E-01 -5.93106E-01 -2.31617E-02  1.40960E-08  2.30951E-08
 0.54222  1.61492E+00 -5.10439E-01 -5.94895E-01 -2.34647E-02  1.28886E-08  9.69182E-09
 0.54521  1.61801E+00 -5.14479E-01 -5.96685E-01 -2.37649E-02 -4.38227E-09 -2.07145E-08
 0.54820  1.62232E+00 -5.15007E-01 -5.98477E-01 -2.40690E-02 -1.16917E-08 -5.22173E-09
 0.55119  1.62494E+00 -5.24204E-01 -6.00271E-01 -2.43737E-02 -6.35531E-09  2.48445E-08
 0.55418  1.62870E+00 -5.35485E-01 -6.02066E-01 -2.46967E-02 -1.66619E-09  3.23918E-08
 0.55717  1.63220E+00 -5.44335E-01 -6.03860E-01 -2.49986E-02  2.37897E-09  1.74324E-08
 0.56016  1.63588E+00 -5.48155E-01 -6.05656E-01 -2.53044E-02  5.77968E-09 -2.00507E-08
 0.56315  1.64235E+00 -5.47929E-01 -6.07452E-01 -2.56114E-02 -2.46414E-10 -3.00746E-08
 0.56614  1.64243E+00 -5.54918E-01 -6.09249E-01 -2.59186E-02 -1.57189E-08 -1.26471E-08
 0.56913  1.64509E+00 -5.60308E-01 -6.11048E-01 -2.62208E-02 -1.02213E-08  1.35845E-08
 0.57212  1.65288E+00 -5.65091E-01 -6.12849E-01 -2.65285E-02  1.63653E-08  4.86960E-08
 0.57511  1.65307E+00 -5.73169E-01 -6.14650E-01 -2.68366E-02 -1.15643E-09  2.00526E-08
 0.57810  1.65544E+00 -5.75225E-01 -6.16452E-01 -2.71448E-02 -1.62336E-08  1.09886E-08
 0.58109  1.66295E+00 -5.71968E-01 -6.18255E-01 -2.74461E-02 -2.60711E-08  1.85734E-08
 0.58408  1.66193E+00 -5.86615E-01 -6.20061E-01 -2.77546E-02  4.32188E-09  2.04408E-08
 0.58707  1.66621E+00 -5.95325E-01 -6.21867E-01 -2.80634E-02  2.12112E-08  1.39600E-08
 0.59006  1.66870E+00 -5.99799E-01 -6.23673E-01 -2.83723E-02  2.46251E-08 -8.69067E-10
 0.59305  1.66302E+00 -6.05047E-01 -6.25480E-01 -2.86811E-02  1.45660E-08 -2.40443E-08
 0.59604  1.67596E+00 -5.99579E-01 -6.27290E-01 -2.89823E-02  2.01612E-09 -2.36293E-08
 0.59903  1.67993E+00 -6.12531E-01 -6.29101E-01 -2.92914E-02 -1.30396E-08  3.81335E-10
 0.60202  1.68261E+00 -6.18752E-01 -6.30912E-01 -2.96000E-02 -1.33417E-08  2.48654E-08
 0.60501  1.68632E+00 -6.20546E-01 -6.32723E-01 -2.99091E-02 -1.36953E-08  3.39649E-08
 0.60800  1.69409E+00 -6.19008E-01 -6.34536E-01 -3.02085E-02 -1.41074E-08  2.77151E-08
 0.61099  1.69317E+00 -6.31858E-01 -6.36351E-01 -3.05175E-02 -1.45955E-08  6.12429E-09
 0.61398  1.69648E+00 -6.37263E-01 -6.38166E-01 -3.08265E-02 -6.44169E-09 -3.30348E-08
 0.61697  1.69941E+00 -6.39940E-01 -6.39981E-01 -3.11621E-02  1.61074E-08 -6.79477E-09
 0.61996  1.70299E+00 -6.40569E-01 -6.41794E-01 -3.14711E-02  1.94699E-09  1.55618E-08
 0.62295  1.71050E+00 -6.40260E-01 -6.43610E-01 -3.17684E-02 -1.70433E-08  1.68484E-08
 0.62594  1.70892E+00 -6.54810E-01 -6.45428E-01 -3.20767E-02 -1.53403E-08 -8.66430E-09
 0.62893  1.71299E+00 -6.57054E-01 -6.47245E-01 -3.23853E-02  1.55502E-08 -6.42855E-09
 0.63192  1.71714E+00 -6.59405E-01 -6.49062E-01 -3.26935E-02  1.78450E-08 -4.26166E-09
 0.63491  1.72455E+00 -6.63005E-01 -6.50880E-01 -3.30012E-02 -8.46391E-09 -2.16138E-09
 0.63790  1.72289E+00 -6.73886E-01 -6.52700E-01 -3.32948E-02 -3.34250E-09  9.46817E-09
 0.64089  1.72595E+00 -6.72942E-01 -6.54521E-01 -3.36020E-02  8.84719E-09  1.90129E-08
 0.64388  1.72937E+00 -6.76492E-01 -6.56343E-01 -3.39089E-02  9.25032E-09  5.92636E-09
 0.64687  1.73329E+00 -6.84486E-01 -6.58164E-01 -3.42154E-02 -4.11466E-09 -5.10384E-10
 0.64986  1.73695E+00 -6.87925E-01 -6.59985E-01 -3.45213E-02 -5.24613E-09 -3.03956E-09
 0.65285  1.73924E+00 -6.91009E-01 -6.61808E-01 -3.48106E-02  5.85990E-09 -1.66240E-09
 0.65584  1.74270E+00 -6.95146E-01 -6.63634E-01 -3.51157E-02  2.92261E-08  3.60566E-09
 0.65883  1.75074E+00 -7.01637E-01 -6.65459E-01 -3.54205E-02  6.49486E-08  1.28010E-08
 0.66182  1.74599E+00 -7.01585E-01 -6.67284E-01 -3.57248E-02  3.09323E-08 -2.86363E-08
 0.66481  1.75079E+00 -7.07466E-01 -6.69109E-01 -3.60286E-02  3.47902E-09 -7.54335E-09
 0.66780  1.75469E+00 -7.13103E-01 -6.70933E-01 -3.63129E-02  8.65167E-10  3.44856E-08
 0.67079  1.75855E+00 -7.18693E-01 -6.72763E-01 -3.66153E-02 -1.08825E-08  2.42243E-08
 0.67378  1.76239E+00 -7.24307E-01 -6.74592E-01 -3.69175E-02 -2.52927E-08 -2.20386E-08
 0.67677  1.76621E+00 -7.30003E-01 -6.76421E-01 -3.72193E-02  1.14192E-08 -8.51040E-09
 0.67976  1.77006E+00 -7.35715E-01 -6.78249E-01 -3.75204E-02  2.39453E-08  7.86134E-09
 0.68275  1.77307E+00 -7.40433E-01 -6.80077E-01 -3.78214E-02  1.22957E-08  2.70893E-08
 0.68574  1.76351E+00 -7.42029E-01 -6.81906E-01 -3.80994E-02 -2.59761E-08  1.25613E-08
 0.68873  1.75136E+00 -7.42449E-01 -6.83740E-01 -3.83981E-02 -2.05804E-09 -2.05916E-08
 0.69172  1.77081E+00 -7.53439E-01 -6.85572E-01 -3.87339E-02  1.02759E-08 -9.16495E-09
 0.69471  1.75856E+00 -7.53673E-01 -6.87402E-01 -3.90324E-02 -1.30114E-09  2.61462E-08
 0.69770  1.76211E+00 -7.59308E-01 -6.89231E-01 -3.93302E-02 -8.84748E-09  1.42104E-08
 0.70069  1.76564E+00 -7.64978E-01 -6.91060E-01 -3.96270E-02 -1.23874E-08 -4.50085E-08
 0.70368  1.77055E+00 -7.71952E-01 -6.92889E-01 -3.98983E-02  1.90105E-08 -1.68542E-08
 0.70667  1.77405E+00 -7.77751E-01 -6.94723E-01 -4.01934E-02 -3.38268E-09  2.23412E-08
 0.70966  1.77794E+00 -7.83133E-01 -6.96557E-01 -4.04881E-02 -6.12520E-09  1.45602E-08
 0.71265  1.77357E+00 -7.82731E-01 -6.98390E-01 -4.07836E-02  2.34973E-08 -8.86249E-09
 0.71564  1.77814E+00 -7.80557E-01 -7.00223E-01 -4.10767E-02  1.79911E-08 -1.16918E-08
 0.71863  1.78062E+00 -7.90150E-01 -7.02054E-01 -4.13690E-02 -2.26787E-08  6.07920E-09
 0.72162  1.78595E+00 -7.95437E-01 -7.03884E-01 -4.16326E-02 -9.85222E-09 -1.82072E-08
 0.72461  1.78839E+00 -8.04441E-01 -7.05721E-01 -4.19227E-02  2.39233E-08  1.76498E-09
 0.72760  1.79173E+00 -8.17250E-01 -7.07558E-01 -4.22123E-02  1.65370E-09  1.98837E-08
 0.73059  1.79402E+00 -8.19275E-01 -7.09393E-01 -4.25013E-02 -1.23583E-08 -1.18594E-08
 0.73358  1.79386E+00 -8.13860E-01 -7.11229E-01 -4.27895E-02 -2.77396E-08  1.67290E-09
 0.73657  1.79964E+00 -8.13833E-01 -7.13063E-01 -4.30767E-02 -9.69457E-09  2.11186E-08
 0.73956  1.80255E+00 -8.22683E-01 -7.14897E-01 -4.33630E-02  9.58939E-09  1.71088E-08
 0.74255  1.80684E+00 -8.34424E-01 -7.16730E-01 -4.36175E-02  3.01474E-08 -1.03152E-08
 0.74554  1.79644E+00 -8.47265E-01 -7.18570E-01 -4.39043E-02  1.74003E-08 -6.41931E-09
 0.74853  1.79994E+00 -8.37175E-01 -7.20409E-01 -4.41877E-02 -1.94002E-08  1.80694E-08
 0.75152  1.80331E+00 -8.43209E-01 -7.22247E-01 -4.44705E-02 -7.74914E-09  9.69570E-09
 0.75451  1.80668E+00 -8.49343E-01 -7.24085E-01 -4.47524E-02  1.96136E-08 -4.85002E-10
 0.75750  1.81002E+00 -8.55529E-01 -7.25922E-01 -4.50333E-02  2.10837E-08  1.55187E-09
 0.76049  1.81334E+00 -8.61772E-01 -7.27758E-01 -4.53130E-02 -3.35412E-09  1.58336E-08
 0.76348  1.81670E+00 -8.67976E-01 -7.29592E-01 -4.55583E-02 -1.66569E-08  7.98389E-09
 0.76647  1.82298E+00 -8.75839E-01 -7.31434E-01 -4.58358E-02 -1.87280E-08 -2.19514E-08
 0.76946  1.82801E+00 -8.85649E-01 -7.33275E-01 -4.61126E-02 -7.72584E-09 -3.16466E-08
 0.77245  1.83146E+00 -8.92252E-01 -7.35115E-01 -4.63886E-02  1.63645E-08 -2.11334E-08
 0.77544  1.83507E+00 -8.96829E-01 -7.36955E-01 -4.66638E-02  2.18086E-08  3.50439E-09
 0.77843  1.84040E+00 -9.00961E-01 -7.38793E-01 -4.69380E-02 -2.16370E-09  9.61735E-09
 0.78142  1.84715E+00 -9.06156E-01 -7.40631E-01 -4.72111E-02 -2.24356E-08 -7.14783E-09
 0.78441  1.81947E+00 -9.14084E-01 -7.42470E-01 -4.74872E-02 -5.37721E-09 -1.19816E-08
 0.78740  1.81901E+00 -9.15917E-01 -7.44308E-01 -4.77219E-02  5.18346E-09 -7.39619E-09
 0.79039  1.82110E+00 -9.18804E-01 -7.46153E-01 -4.80386E-02  9.25727E-09  6.61286E-09
 0.79338  1.82882E+00 -9.24307E-01 -7.47994E-01 -4.83078E-02  6.82039E-09  3.00464E-08
 0.79637  1.84463E+00 -9.33243E-01 -7.49834E-01 -4.85760E-02  3.89188E-09  1.84940E-08
 0.79936  1.85332E+00 -9.25759E-01 -7.51673E-01 -4.88431E-02  4.72266E-10 -2.80774E-08
 0.80235  1.83464E+00 -9.53414E-01 -7.53511E-01 -4.91092E-02 -2.13213E-08 -1.34024E-08
 0.80534  1.83807E+00 -9.53406E-01 -7.55349E-01 -4.93742E-02 -3.20793E-09  1.93269E-08
 0.80833  1.84042E+00 -9.48800E-01 -7.57186E-01 -4.96379E-02  1.63759E-08  1.39078E-08
 0.81132  1.84249E+00 -9.40984E-01 -7.59023E-01 -4.98623E-02  1.26467E-08 -2.39468E-08
 0.81431  1.84536E+00 -9.63277E-01 -7.60866E-01 -5.01236E-02  8.06436E-09 -2.79191E-08
 0.81730  1.84938E+00 -1.01517E+00 -7.62707E-01 -5.03840E-02  2.63166E-09  1.99258E-09
 0.82029  1.85250E+00 -1.00166E+00 -7.64548E-01 -5.06435E-02  2.39904E-09  1.79768E-08
 0.82328  1.85665E+00 -9.26158E-01 -7.66388E-01 -5.09020E-02  7.37022E-09  2.00679E-08
 0.82627  1.82759E+00 -9.90887E-01 -7.68230E-01 -5.11651E-02  1.75820E-08  8.28137E-09
 0.82926  1.86158E+00 -1.00555E+00 -7.70069E-01 -5.14211E-02  3.30706E-08 -1.74150E-08
 0.83225  1.83427E+00 -1.00422E+00 -7.71908E-01 -5.16759E-02  3.03751E-08 -7.52937E-09
 0.83524  1.83048E+00 -1.00062E+00 -7.73743E-01 -5.18906E-02  9.51460E-09  3.80151E-08
 0.83823  1.87065E+00 -1.00911E+00 -7.75587E-01 -5.21426E-02  1.04035E-08  9.81405E-09
 0.84122  1.85902E+00 -1.03651E+00 -7.77430E-01 -5.23933E-02  1.58069E-08 -1.29998E-08
 0.84421  1.86285E+00 -1.04409E+00 -7.79272E-01 -5.26434E-02  2.57480E-08 -3.04732E-08
 0.84720  1.86670E+00 -1.05175E+00 -7.81114E-01 -5.28926E-02  2.45346E-08  5.59314E-09
 0.85019  1.87056E+00 -1.05949E+00 -7.82955E-01 -5.31406E-02 -3.67337E-10  2.05941E-08
 0.85318  1.87417E+00 -1.06546E+00 -7.84796E-01 -5.33874E-02 -1.81803E-08 -5.35063E-09
 0.85617  1.87849E+00 -1.06886E+00 -7.86635E-01 -5.36325E-02 -1.44651E-09 -7.29343E-09
 0.85916  1.89131E+00 -1.08416E+00 -7.88475E-01 -5.38769E-02  2.28355E-08  9.10113E-09
 0.86215  1.91605E+00 -1.11292E+00 -7.90309E-01 -5.40811E-02  2.34105E-08 -7.31468E-09
 0.86514  1.85817E+00 -1.11365E+00 -7.92153E-01 -5.43226E-02  2.24421E-08 -2.12119E-08
 0.86813  1.86151E+00 -1.10335E+00 -7.93997E-01 -5.45632E-02  1.99488E-08 -3.26376E-08
 0.87112  1.88830E+00 -1.13007E+00 -7.95842E-01 -5.48106E-02  1.24918E-08 -3.57695E-08
 0.87411  1.90792E+00 -1.14551E+00 -7.97685E-01 -5.50490E-02  7.45385E-11 -3.06504E-08
 0.87710  1.89546E+00 -1.14314E+00 -7.99527E-01 -5.52861E-02 -1.73193E-08 -1.72929E-08
 0.88009  1.90010E+00 -1.15137E+00 -8.01368E-01 -5.55222E-02 -3.95168E-08  4.40717E-09
 0.88308  1.90478E+00 -1.15968E+00 -8.03209E-01 -5.57571E-02 -3.08572E-08  2.22239E-08
 0.88607  1.90951E+00 -1.16817E+00 -8.05049E-01 -5.59906E-02  8.72762E-09  3.62612E-08
 0.88906  1.91447E+00 -1.17726E+00 -8.06889E-01 -5.62221E-02  1.59401E-08  1.31259E-08
 0.89205  1.92620E+00 -1.19544E+00 -8.08726E-01 -5.64147E-02 -8.98834E-09 -2.74651E-08
 0.89504  1.94784E+00 -1.22436E+00 -8.10570E-01 -5.66440E-02  1.36458E-08 -1.31667E-08
 0.89803  1.91066E+00 -1.23031E+00 -8.12413E-01 -5.68723E-02  2.22014E-08 -2.17559E-08
 0.90102  1.89584E+00 -1.20778E+00 -8.14256E-01 -5.70996E-02  1.67422E-08 -4.26869E-08
 0.90401  1.89738E+00 -1.21572E+00 -8.16098E-01 -5.73248E-02 -4.86976E-09 -2.69740E-08
 0.90700  1.91886E+00 -1.25564E+00 -8.17940E-01 -5.75499E-02 -2.10513E-08  1.03371E-08
 0.90999  1.95750E+00 -1.34149E+00 -8.19781E-01 -5.77737E-02 -2.42160E-08  2.23844E-08
 0.91298  1.98976E+00 -1.30303E+00 -8.21622E-01 -5.79963E-02 -1.43713E-08  9.17114E-09
 0.91597  1.96059E+00 -1.31178E+00 -8.23462E-01 -5.82176E-02  8.49016E-09 -2.93307E-08
 0.91896  1.96484E+00 -1.32248E+00 -8.25302E-01 -5.84376E-02  8.32951E-09 -3.01307E-08
 0.92195  2.00549E+00 -1.33660E+00 -8.27140E-01 -5.86826E-02 -1.48717E-08  6.77729E-09
 0.92494  2.00502E+00 -1.42456E+00 -8.28983E-01 -5.88997E-02 -1.76017E-08  1.83318E-08
 0.92793  1.96707E+00 -1.58774E+00 -8.30825E-01 -5.91156E-02  1.33010E-10  4.52937E-09
 0.93092  2.01173E+00 -1.44137E+00 -8.32667E-01 -5.93303E-02  1.33024E-08 -2.54989E-08
 0.93391  8.34508E-01 -5.95439E-02 -8.34508E-01 -5.95439E-02  8.08256E-09 -1.66563E-08
 0.93690 -1.05483E+00 -5.71773E-01 -8.36349E-01 -5.97561E-02 -1.55499E-08  3.11087E-08
 0.93989 -2.11012E+00 -1.59218E+00 -8.38189E-01 -5.99655E-02 -3.27329E-08  9.58293E-09
 0.94288 -2.15580E+00 -1.66987E+00 -8.40029E-01 -6.01753E-02 -3.03262E-09 -3.71010E-08
 0.94587 -1.02716E+00 -6.25323E-01 -8.41868E-01 -6.03835E-02  8.50716E-09 -1.87233E-08
 0.94886  8.43707E-01 -6.05908E-02 -8.43707E-01 -6.05908E-02  2.01946E-09  2.79113E-08
 0.95185  2.04762E+00 -1.44381E+00 -8.45545E-01 -6.07966E-02 -1.64735E-08  1.59914E-08
 0.95484  2.12966E+00 -1.81980E+00 -8.47378E-01 -6.09678E-02 -2.11406E-08 -1.74271E-08
 0.95783  1.01897E+00 -6.17951E-01 -8.49220E-01 -6.11685E-02  1.07988E-08 -2.36594E-08
 0.96082 -8.51061E-01 -6.13701E-02  1.85325E-08 -8.43527E-09 -1.52091E-08  2.52406E-08
 0.96381 -2.04537E+00 -1.49602E+00  1.00594E+00 -6.17283E-01 -1.10451E-08  1.86410E-08
 0.96680 -8.51228E-01 -1.09534E+00  2.10481E+00 -1.57424E+00 -2.56048E-09 -3.54075E-08
 0.96979  1.00838E+00 -6.06305E-01  2.14667E+00 -1.62563E+00 -1.93312E-08 -5.07850E-10
 0.97278  2.09109E+00 -1.51525E+00  9.64433E-01 -6.85981E-01  9.02955E-09  2.11170E-08
 0.97577  2.16645E+00 -1.63124E+00 -1.84484E-01 -4.73865E-01  1.82158E-08 -1.55893E-09
 0.97876  9.89734E-01 -6.59578E-01 -9.82052E-01 -6.55340E-01 -1.18669E-08 -2.74421E-08
 0.98175 -8.63942E-01 -6.27585E-02 -9.67579E-01 -7.08775E-01 -2.03005E-08 -2.05528E-08
 0.98474 -2.04633E+00 -1.50188E+00 -2.04602E-01 -4.97366E-01 -7.09280E-09  1.91279E-08
 0.98773 -2.16442E+00 -1.58510E+00  8.67620E-01 -6.31398E-02  5.50082E-09  2.60901E-08
 0.99072 -9.53250E-01 -6.85916E-01  9.53363E-01 -6.99447E-01  1.75001E-08  3.32121E-10
 0.99371  2.20426E-01 -5.02035E-01  5.08171E-02 -2.41852E+00  1.05267E-08 -2.77029E-08
 0.99670  9.16360E-01 -7.73409E-01 -1.05860E+00 -4.17907E+00 -2.09090E-08 -1.00718E-08
 0.99969  8.49463E-01 -9.92464E-01 -1.14088E+00 -5.36801E+00 -1.95466E-08  1.48737E-08
 1.00268 -2.60001E-01 -5.16709E-01 -1.05303E+00 -4.83208E+00  6.64812E-09  3.83911E-08
 1.00567 -9.04737E-01 -7.56658E-01 -8.78657E-01 -6.42180E-02  3.72860E-08  9.30718E-09
 1.00866 -9.05465E-01 -7.72792E-01 -8.80497E-01 -6.43990E-02  6.58543E-09 -2.86478E-08
 1.01165 -2.83096E-01 -5.45114E-01 -1.14402E+00 -4.78491E+00 -3.37740E-08 -1.52714E-08
 1.01464  8.84175E-01 -6.47564E-02 -4.13130E+00 -2.85098E+00 -6.54248E-09 -2.82308E-08
 1.01763  9.13116E-01 -7.42384E-01 -2.20096E+00 -1.67200E+00  1.91779E-08 -1.93613E-08
 1.02062  2.61014E-01 -1.66444E+00  2.23500E+00 -1.72952E+00  2.29057E-08  1.30230E-08
 1.02361 -8.45275E-01 -1.53463E+00  2.30445E+00 -1.80636E+00 -1.92094E-08  1.14874E-08
 1.02660 -8.36452E-09 -2.74446E-08 -2.21257E+00 -1.69878E+00 -1.62477E-08  1.41759E-08
 1.02959  7.79606E-01 -9.34622E-01 -2.31172E+00 -1.82514E+00  3.18499E-08  2.11222E-08
 1.03258  1.13167E+00 -3.64812E+00  2.22126E+00 -1.76487E+00  2.41653E-08 -7.34577E-09
 1.03557  1.14757E+00 -5.52749E+00  2.32085E+00 -1.82337E+00  4.00474E-09 -2.12355E-08
 1.03856  2.34306E+00 -3.10458E+00 -2.23370E+00 -1.77901E+00 -2.86754E-08 -2.05589E-08
 1.04155  8.02003E-01 -9.16131E-01 -2.30339E+00 -1.80228E+00 -3.45603E-08  1.62389E-08
 1.04454 -9.02562E-01 -6.64489E-02  2.28379E+00 -1.76074E+00  3.42982E-09  1.82966E-08
 1.04753 -2.28478E+00 -1.76227E+00  2.33456E+00 -1.86554E+00  2.29687E-08 -7.66985E-09
 1.05052  1.66326E-06 -1.32328E-06 -2.31783E+00 -1.82541E+00  1.37780E-08 -2.75558E-08
 1.05351  2.32526E+00 -1.83299E+00 -2.35009E+00 -1.87844E+00 -2.41751E-08 -4.14172E-08
 1.05650  2.40626E+00 -1.98463E+00  2.33267E+00 -1.84058E+00 -1.84835E-08 -1.66969E-08
 1.05949  2.93488E-08  1.42652E-08 -9.11758E-01 -6.72519E-02  3.08538E-08  4.66796E-08
 1.06248 -5.09615E-01 -6.05494E-01 -2.34579E+00 -1.85673E+00  2.04243E-08 -1.50383E-08
 1.06547  1.09425E+00 -3.30263E+00 -2.49777E+00 -3.34439E+00  1.79810E-08 -1.12123E-09
 1.06846  2.32772E+00 -1.78045E+00 -1.10163E+00 -3.74057E+00  9.66537E-09  2.74126E-08
 1.07145  5.82564E-01 -5.99128E-01  2.31680E+00 -1.77893E+00  4.38867E-09  2.33222E-08
 1.07444 -2.31887E+00 -1.79778E+00  2.33437E+00 -1.88767E+00  2.16556E-09 -1.34143E-08
 1.07743 -2.39473E+00 -1.96634E+00 -1.10255E+00 -3.70037E+00 -1.07519E-08 -2.67129E-08
 1.08042  6.22213E-01 -5.92480E-01 -1.92608E-08 -4.00666E-10 -3.45776E-08 -1.67704E-08
 1.08341  2.33175E+00 -1.83701E+00  6.55432E-01 -5.81802E-01 -3.97849E-08 -3.36385E-09
 1.08640  2.37871E+00 -1.67793E+00 -1.90638E-01 -6.92899E+00 -2.63843E-08  1.34990E-08
 1.08939  9.30146E-01 -6.87300E-02 -2.47390E+00 -1.76985E+01  5.63162E-09  3.37964E-08
 1.09238 -6.93170E-01 -5.52269E-01 -9.62449E+00 -1.52934E+01  2.70657E-08  1.37901E-08
 1.09537 -2.37721E+00 -2.05727E+00  7.01908E-01 -5.44746E-01  1.57184E-08 -2.69654E-08
 1.09836 -1.30584E-08 -1.13694E-08  2.50399E+00 -2.13244E+00  1.53234E-08 -1.41628E-08
 1.10135  2.43362E+00 -1.98310E+00 -2.39749E+00 -1.76632E+01  1.59828E-08  2.05348E-08
 1.10434  2.50624E+00 -2.10299E+00  9.39339E-01 -6.94351E-02  8.69961E-10  2.71909E-08
 1.10733  2.66413E-08 -1.35690E-09  2.46453E+00 -2.08952E+00 -3.00155E-08  5.79690E-09
 1.11032 -7.27336E-01 -5.05773E-01 -3.01790E-02 -2.02123E+01 -1.71049E-08 -2.04631E-08
 1.11331 -1.06709E+00 -2.61198E+00 -8.17571E-01  2.79351E+00  3.57081E-08 -2.10695E-08
 1.11630  1.41922E+00 -5.32154E+00  2.47004E+00 -2.02093E+00  2.48597E-08 -9.60008E-10
 1.11929  2.53286E+00 -2.15930E+00 -9.48530E-01 -7.01571E-02 -1.96702E-08  3.12516E-08
 1.12228  7.57796E-01 -4.72592E-01 -2.47686E+00 -2.01482E+00 -1.37883E-08  1.45913E-08
 1.12527 -7.64039E-01 -4.67309E-01 -1.35892E+00 -4.86055E+00  2.26552E-08  3.21190E-09
 1.12826 -2.45301E+00 -2.04426E+00 -2.04487E-01 -6.68694E+00  2.26273E-08  5.05131E-10
 1.13125 -2.51735E+00 -2.15424E+00  2.28667E-01 -1.07048E+01 -1.38676E-08  6.48256E-09
 1.13424 -9.57732E-01 -7.07951E-02 -2.09607E+00 -1.05331E+01 -2.60331E-08 -4.21790E-09
 1.13723  7.74456E-01 -4.44304E-01  2.28105E-08 -3.87993E-10 -1.38833E-08 -3.16440E-08
 1.14022  2.56022E+00 -2.22767E+00  7.78752E-01 -4.40353E-01  2.42356E-08 -1.89111E-08
 1.14321  2.11346E-01  1.01202E-02  1.86818E+00 -9.96142E+00  2.72070E-08  2.32522E-08
 1.14620 -7.92285E-01 -4.33983E-01  2.48074E+00 -2.77335E+01 -1.72130E-08  1.75360E-08
 1.14919 -3.17531E-01 -1.13746E+00  7.34238E+00 -4.94013E+01 -1.55581E-08 -1.62276E-08
 1.15218  2.52283E+00 -2.12911E+00 -8.15959E-01 -3.72715E-01  1.44205E-08 -3.16698E-08
 1.15517 -7.99299E-01 -4.21303E-01 -2.57632E+00 -2.17244E+00  1.05466E-08 -1.31664E-08
 1.15816 -2.53407E+00 -2.11458E+00  1.05169E+01  1.88138E+00 -2.72286E-08  3.92878E-08
 1.16115 -2.73648E+00 -3.22194E+00  2.59658E+00 -2.19677E+00 -1.34525E-09  1.82813E-08
 1.16414 -1.05493E+00 -3.02671E+00  9.76129E-01 -7.19627E-02  2.19904E-08  1.26629E-08
 1.16713  2.57897E+00 -2.19072E+00  1.06254E-08 -2.74037E-09  1.66740E-08  2.19651E-09
 1.17012 -9.79809E-01 -7.21759E-02 -8.14898E-01 -4.03118E-01 -1.73131E-08 -1.31438E-08
 1.17311 -2.60894E+00 -2.23494E+00 -1.47283E-08  1.01004E-08 -1.16205E-08 -2.04172E-08
 1.17610 -2.61180E+00 -3.02345E+00  8.21514E-01 -3.96864E-01  3.37713E-08 -1.96031E-08
 1.17909  8.24767E-01 -3.93839E-01 -8.24765E-01 -3.93835E-01  2.22612E-08 -1.51278E-08
 1.18208  2.61900E+00 -2.21933E+00 -2.61899E+00 -2.23229E+00 -3.21623E-08 -7.46672E-09
 1.18507  2.89744E+00 -4.29850E+00 -2.62892E+00 -2.22451E+00 -7.66555E-09  1.21150E-08
 1.18806  1.65013E+00 -7.38081E+00 -8.33150E-01 -3.83456E-01  1.86658E-08 -5.46757E-09
 1.19105 -7.62741E-02 -1.59699E+01  8.36205E-01 -3.80749E-01  1.83976E-08 -1.72509E-08
 1.19404 -2.21300E+00 -3.01245E+01  2.59439E+00 -2.28841E+00 -8.51366E-09 -2.32242E-08
 1.19703 -8.80132E+00 -3.68260E+01  2.69487E+00 -2.45207E+00 -8.64615E-09  3.99397E-09
 1.20002  9.98225E-01 -7.31981E-02  8.45238E-01 -3.72878E-01  1.88873E-08  3.75522E-08
 1.20301  2.74009E+00 -2.35704E+00 -8.48429E-01 -3.70488E-01 -1.38175E-08  2.02637E-08
 1.20600 -8.89651E+00 -3.67856E+01 -2.59691E+00 -2.23932E+00 -2.95953E-08  4.00202E-09
 1.20899  1.23052E+00 -2.19372E-01 -2.66079E+00 -2.36308E+00 -2.84222E-08 -1.12397E-08
 1.21198  2.78785E+00 -2.46232E+00 -1.00560E+00 -7.35989E-02 -1.02765E-08 -2.55050E-08
 1.21497 -1.09335E+01 -3.44922E+01  8.57947E-01 -3.58027E-01  4.84621E-09 -2.50491E-08
 1.21796  1.18976E+00 -2.72076E-01  2.72542E+00 -2.45084E+00  1.69405E-08 -9.91378E-09
 1.22095  2.83829E+00 -2.91914E+00  6.49569E-03 -1.01781E-01  2.57201E-08  1.94458E-08
 1.22394 -9.66403E+00 -4.35111E+01 -1.01298E+00 -7.39581E-02  3.70018E-09  2.73575E-08
 1.22693  1.37668E+00 -2.02713E-01 -1.01018E-08  5.88675E-09 -2.73720E-08  1.55438E-08
 1.22992  3.05148E+00 -2.81594E+00  1.07299E-08 -2.22913E-08  1.10684E-08  1.68116E-08
 1.23291 -1.12381E+01 -4.22260E+01 -1.01851E+00 -7.42042E-02 -2.11131E-09  2.50364E-08
 1.23590  1.36032E+00 -2.46645E-01 -1.54262E-09  5.92262E-09 -5.61985E-10  1.61115E-08
 1.23889  3.32323E+00 -2.94509E+00  1.94687E-08 -4.24662E-09  1.57328E-08 -9.97352E-09
 1.24188 -8.90801E+00 -5.19759E+01 -1.02405E+00 -7.44511E-02  2.17655E-08 -1.53935E-08
 1.24487  1.56982E+00 -1.43660E-01 -8.85100E-09  1.65907E-08  1.75505E-08 -1.50542E-10
 1.24786  3.49047E+00 -3.05445E+00  2.25847E-08 -2.98569E-08  3.21874E-09  3.58477E-08
 1.25085 -9.14398E+00 -5.39043E+01 -1.02960E+00 -7.46878E-02 -1.57494E-08  1.53078E-08
 1.25384  1.61459E+00 -1.39603E-01  6.12470E-09 -1.41079E-08 -1.55831E-08 -5.22096E-12
 1.25683  3.78899E+00 -3.54741E+00 -1.34919E-08 -1.48417E-08  3.71884E-09 -1.00942E-08
 1.25982 -2.39311E+00 -6.36543E+01 -1.03514E+00 -7.49042E-02  2.80191E-08 -7.44305E-09
 1.26281  1.78837E+00  7.40257E-02 -8.89202E-09  3.32209E-09  2.28523E-08 -3.97472E-09
 1.26580  4.05265E+00 -4.13139E+00 -8.48859E-09 -3.05340E-08 -1.17904E-08  3.08926E-10
 1.26879  8.40916E+00 -7.64439E+01 -1.04068E+00 -7.51201E-02 -2.55429E-08  7.75612E-09
 1.27178 -2.07325E+00  1.75696E-01 -1.50497E-08  1.68897E-08 -1.83929E-08  1.83644E-08
 1.27477 -5.11496E+00 -5.03474E+00 -1.62229E-08 -1.35488E-08  9.67602E-09  3.21704E-08
 1.27776  8.43259E-02 -9.20299E+01 -1.04623E+00 -7.53295E-02  2.37699E-08  5.26681E-09
 1.28075  2.36226E+00  5.06280E-01 -9.15275E-01 -3.12612E-01  2.42511E-08 -1.47270E-08
 1.28374  3.43357E+00  1.05295E+00 -1.58853E-08 -2.08325E-08  1.11432E-08 -2.78546E-08
 1.28673  8.91082E+00 -8.46649E+01  9.20236E-01 -3.09520E-01 -1.55353E-08 -3.41562E-08
 1.28972 -2.40348E+00  2.35037E-01 -1.25166E-08  1.27188E-08 -2.05028E-08 -2.16998E-08
 1.29271 -5.29036E+00 -4.66445E+00  4.59556E-09  2.06702E-08 -3.76467E-09  9.51380E-09
 1.29570 -8.70972E+00 -8.93972E+01  9.27940E-01 -3.04595E-01  3.40535E-08  1.91601E-08
 1.29869 -2.30891E+00  4.82322E-01  1.05919E+00 -7.57635E-02  1.24792E-08  7.67711E-09
 1.30168  6.10572E+00 -5.18941E+00  2.19916E-08 -7.44386E-09 -1.61898E-08  1.48332E-08
 1.30467 -1.25369E+00 -8.38315E-02 -9.49925E-09  1.02767E-08 -1.92470E-08  1.97823E-09
 1.30766 -2.91622E+00 -2.78167E+00  1.06475E+00 -7.59595E-02  3.27182E-09 -3.09746E-08
 1.31065  1.80878E+00 -1.09049E+01 -2.00141E-08 -1.28271E-08  2.12420E-08 -7.23454E-09
 1.31364 -1.06846E+00 -7.60703E-02  9.43062E-01 -2.96286E-01  2.36472E-09  2.43077E-08
 1.31663 -2.90907E+00 -2.70863E+00 -3.80974E-09  3.71601E-08 -1.63750E-08 -4.26401E-09
 1.31962 -3.00545E+00 -1.34746E+01  9.59723E-09  1.30324E-08 -3.82995E-09 -2.28236E-08
 1.32261  2.12573E+00 -2.89060E+01  9.49493E-01 -2.91344E-01  4.00570E-08 -3.13827E-08
 1.32560 -1.07589E+00 -7.62787E-02  7.87189E-09  2.02401E-08 -1.75519E-08 -2.66474E-08
 1.32859 -2.96628E+00 -2.82176E+00 -9.54269E-01 -2.88726E-01 -4.55585E-09 -2.34674E-08
 1.33158 -1.00512E+01 -1.79414E+01 -1.07960E+00 -7.63668E-02  2.00179E-08 -6.07721E-09
 1.33457  1.08146E+00 -7.64146E-02 -2.05601E-08  1.76013E-09  2.71040E-08 -3.22131E-10
 1.33756  3.00683E+00 -2.89714E+00 -1.22005E-09  1.74273E-08  1.67096E-08 -6.20836E-09
 1.34055 -7.64625E+00 -1.25774E+01 -1.08518E+00 -7.65155E-02 -1.11319E-08 -2.37859E-08
 1.34354  1.08704E+00 -7.65605E-02 -2.48935E-08 -9.12422E-09  1.24572E-08  2.19141E-08
 1.34653  3.01964E+00 -2.92773E+00  1.67092E-08 -2.11003E-08  6.69038E-09  1.14571E-08
 1.34952 -2.10649E+00 -2.09115E+01 -1.09076E+00 -7.66476E-02 -1.77398E-08 -2.18554E-08
 1.35251  1.09262E+00 -7.66904E-02 -8.33100E-09 -7.10200E-09 -1.39024E-08  3.33643E-09
 1.35550  3.02825E+00 -2.96715E+00  3.84184E-09 -2.83870E-08  3.72557E-09  2.13038E-08
 1.35849  2.93129E+00 -2.40253E+01 -1.09634E+00 -7.67707E-02  1.92389E-08  2.68680E-08
 1.36148  6.94888E+00 -5.37003E+01 -2.64616E-09  1.32211E-08  3.27474E-08  2.00854E-08
 1.36447 -1.18977E+00 -9.26781E-02  9.66798E-09  1.53820E-08  1.93005E-09 -2.23993E-08
 1.36746 -3.03330E+00 -2.92221E+00 -1.10192E+00 -7.68844E-02 -2.17157E-08  5.64705E-11
 1.37045 -8.49359E+00 -4.14009E+01 -1.01838E-08 -1.07265E-08 -1.27742E-08  1.15932E-08
 1.37344  1.33757E+00 -6.97447E-02 -9.88733E-01 -2.70493E-01  2.87849E-08  1.22137E-08
 1.37643  3.09142E+00 -3.11482E+00  1.32751E-08  2.94256E-09  5.44677E-09  2.10936E-08
 1.37942 -8.11172E+00 -4.52706E+01  1.14002E-08 -1.26481E-08 -6.64933E-09  2.13271E-08
 1.38241  1.43987E+00 -1.49227E-01 -9.95895E-01 -2.66966E-01 -7.50781E-09  1.29227E-08
 1.38540  3.40073E+00 -4.04416E+00  2.39594E-08  1.19832E-08  2.87709E-09 -4.12236E-09
 1.38839 -2.35681E+00 -5.78777E+01  1.84402E-08 -2.00074E-08  2.45288E-08 -2.98590E-08
 1.39138  1.66348E+00  3.96754E-02 -1.00302E+00 -2.63922E-01  1.16253E-08 -1.33816E-08
 1.39437  3.29733E+00 -3.45701E+00 -1.53559E-08  1.70958E-08  9.97519E-09  1.07612E-08
 1.39736  2.81650E+00 -6.46078E+01  1.45253E-08 -8.55014E-09  1.96121E-08  4.25760E-08
 1.40035 -1.66697E+01 -1.64558E+02 -1.00966E+00 -2.60422E-01  1.07441E-08 -1.91082E-09
 1.40334  2.87050E+00  4.00342E-02 -1.83588E-08 -5.94778E-09  2.12321E-08  1.53958E-09
 1.40633  4.86450E+00  1.97500E+00 -2.31087E-08 -1.00140E-08  1.72054E-08  1.73516E-08
 1.40932  1.93972E+00  9.50382E-01 -1.01640E+00 -2.57324E-01 -1.31878E-09  4.55845E-08
 1.41231 -3.07135E+00 -3.00242E+00 -2.19114E-09 -2.52877E-08 -3.02951E-08  8.02297E-09
 1.41530 -3.13844E+00 -3.15950E+00  5.06397E-09 -8.63850E-09 -1.08668E-08  1.12191E-08
 1.41829  1.02321E+00 -2.54421E-01 -1.02321E+00 -2.54421E-01  2.69365E-09  3.97183E-08
 1.42128  3.14276E+00 -3.13773E+00 -1.54843E-08 -2.85587E-08  2.01715E-08  1.90749E-08
 1.42427  3.47440E+00 -8.41448E+00  1.91367E-08  8.35203E-09  2.12539E-08 -2.32162E-08
 1.42726 -1.79764E+00 -1.19977E+01 -1.03018E+00 -2.51318E-01  5.28805E-09 -1.46504E-08
 1.43025  1.03247E+00 -2.50422E-01  2.60993E-08 -1.48070E-08 -1.92540E-08  2.04663E-08
 1.43324  3.10003E+00 -3.07127E+00 -2.03753E-08 -9.64192E-09 -3.38035E-09  2.43516E-08
 1.43623  3.42341E+00 -1.85576E+01 -1.03688E+00 -2.48434E-01  2.53261E-08 -4.31385E-10
 1.43922 -3.12541E+00 -4.05947E+01 -3.20843E-08  2.00043E-08 -1.83639E-09 -3.83780E-09
 1.44221  1.14796E+00 -8.03564E-02  4.62244E-08 -6.49084E-09  1.15172E-08  3.94014E-08
 1.44520  3.19997E+00 -3.29338E+00 -1.04336E+00 -2.46408E-01 -1.24360E-08  1.60055E-08
 1.44819  1.40773E+01 -1.40068E+01  1.41454E-08 -9.39384E-09 -2.09916E-08 -4.98081E-09
 1.45118 -1.15428E+00 -7.76114E-02  2.01101E-08  1.43357E-08 -1.41389E-08 -2.35501E-08
 1.45417 -3.30335E+00 -3.43713E+00 -1.04998E+00 -2.43563E-01  2.93550E-09 -2.70178E-08
 1.45716  5.49032E+00 -5.52453E+00  2.09260E-08 -7.17953E-09  3.02806E-08 -1.54020E-08
 1.46015 -1.15991E+00 -7.76376E-02  2.01064E-08 -1.25499E-08 -4.32646E-09  2.21299E-08
 1.46314 -3.31053E+00 -3.42882E+00 -1.05669E+00 -2.40985E-01 -1.10152E-08  2.77023E-09
 1.46613 -2.06785E+00 -1.51700E+01  1.34760E-08 -1.91847E-08 -1.75007E-08  1.16482E-08
 1.46912  2.27751E+00 -3.53137E+01  1.63826E-08 -9.03801E-09 -2.22382E-08  3.76027E-08
 1.47211  6.34835E+00  3.78973E+00 -1.06326E+00 -2.38282E-01 -2.49276E-09  2.71679E-08
 1.47510  3.29754E+00 -3.37185E+00  5.96340E-09 -1.59011E-08  4.18159E-08 -1.96528E-08
 1.47809 -1.27284E+01 -4.92662E+01  3.16294E-08 -4.87426E-09 -1.36147E-08 -2.15201E-08
 1.48108  1.53312E+00 -1.94850E-01 -1.07016E+00 -2.35738E-01 -1.31289E-08 -1.76815E-08
 1.48407  3.41905E+00 -3.86013E+00 -2.44733E-08 -5.65645E-09  4.33019E-08 -8.15543E-09
 1.48706 -1.27755E+01 -4.61101E+01  3.81837E-08 -4.09720E-09  2.61836E-09 -2.29440E-08
 1.49005  1.49391E+00 -2.40033E-01 -1.07684E+00 -2.33328E-01 -1.73349E-08  1.40154E-08
 1.49304  3.33610E+00 -3.45165E+00 -2.83785E-09 -6.50018E-09 -6.38728E-09  1.87261E-08
 1.49603 -5.17818E+00 -2.98453E+01  4.50648E-09  1.92768E-08  3.54975E-08 -8.82374E-09
 1.49902  1.19519E+00 -1.29249E-01 -1.08343E+00 -2.30882E-01  9.66880E-09 -1.23368E-08
 1.50201  3.34474E+00 -3.57233E+00 -1.65713E-08  1.31239E-08 -7.56873E-09 -2.22530E-08
 1.50500  2.32014E+00 -3.80919E+01 -6.80080E-09 -2.17469E-08 -1.42688E-08 -3.41251E-08
 1.50799  7.60923E+00 -9.32768E+01 -1.08997E+00 -2.28461E-01  6.22434E-09 -4.12373E-08
 1.51098 -1.75240E+00  3.20819E-02 -1.19193E+00 -7.77210E-02  2.40538E-08 -3.23729E-08
 1.51397 -4.61972E+00 -4.21150E+00 -6.52457E-09 -2.02458E-08  3.91991E-08 -7.41168E-09
 1.51696 -1.00823E+00 -1.06087E+02  3.32178E-08 -8.74287E-09  6.84691E-09  9.30018E-09
 1.51995  9.14788E+00 -3.08015E+02 -1.19760E+00 -7.77156E-02 -2.79623E-08 -1.65442E-08
 1.52294 -5.33665E+00  8.85796E-01 -1.20031E-08 -6.99406E-09 -1.69059E-08 -4.00457E-09
 1.52593 -1.16195E+01 -8.61227E-01 -9.77481E-09  9.46241E-09  8.11695E-09  1.38296E-08
 1.52892  2.73323E+01  1.69834E+01 -1.20328E+00 -7.77044E-02  2.34558E-08  2.77804E-08
 1.53191  3.35370E+00 -4.39584E+00 -8.70416E-10  6.89895E-09  3.36534E-08  1.38195E-08
 1.53490  1.04521E+00 -4.54935E-01 -1.10990E+00 -2.21773E-01  2.23758E-08 -1.04584E-08
 1.53789  3.37748E+00 -3.43522E+00  1.36041E-08  2.13855E-08 -1.03895E-08 -4.51269E-08
 1.54088  9.39153E-09 -5.13653E-09 -1.31872E-08 -1.05545E-08 -1.11420E+00 -2.20216E-01
 1.54387 -1.57687E-08  3.01358E-09 -1.11639E+00 -2.19537E-01  5.69778E-09  8.75635E-09
 1.54686  3.38653E+00 -3.54425E+00 -2.03218E-08 -1.73292E-08  1.11842E+00 -2.19352E-01
 1.54985 -1.46017E-08 -3.03096E-08 -3.38994E-08  4.85490E-09  1.21653E+00 -7.76486E-02
 1.55284 -2.48965E-08 -1.91046E-08 -1.12277E+00 -2.17954E-01 -3.31694E-09 -5.50370E-10
 1.55583  3.47019E+00 -3.65233E+00 -2.75371E-08 -1.74150E-09 -1.12496E+00 -2.17281E-01
 1.55882  3.62120E+00 -4.25756E+00 -1.13750E-08  1.67488E-08 -1.12714E+00 -2.16612E-01
 1.56181  1.12935E+00 -2.15940E-01 -1.12934E+00 -2.15940E-01  1.73445E-08  1.43454E-08
 1.56480 -1.11360E-08 -1.30504E-08  1.70872E-08  1.15448E-08  1.13153E+00 -2.15280E-01
 1.56779  1.13371E+00 -2.14623E-01  1.46255E-08 -1.06385E-08  1.22792E+00 -7.76022E-02
 1.57078  2.52349E-08  2.17032E-08 -1.13589E+00 -2.13970E-01 -2.39371E-08 -1.16038E-08
 1.57377 -2.30063E-08 -1.70106E-08  1.47273E-08  3.93828E-09 -1.23172E+00 -7.75754E-02
 1.57676  1.14016E+00 -2.12519E-01  1.22932E-09  2.13916E-08 -1.14017E+00 -2.12513E-01
 1.57975 -3.68777E-09  2.12540E-08 -1.14234E+00 -2.11878E-01  7.52981E-10 -2.88585E-08
 1.58274 -7.35932E-09 -1.71340E-08 -8.66840E-10  1.58105E-08  1.14451E+00 -2.11248E-01
 1.58573  1.14668E+00 -2.10614E-01  2.49812E-08 -4.07966E-09  1.23934E+00 -7.75304E-02
 1.58872 -2.63061E-08 -1.18432E-08 -1.14892E+00 -2.09871E-01  7.98328E-09 -1.07461E-08
 1.59171  1.72664E-08 -1.23173E-08 -1.28171E-08  8.26286E-09 -1.24314E+00 -7.74986E-02
 1.59470  1.15330E+00 -2.08670E-01  1.61824E-08 -1.71405E-08 -1.24505E+00 -7.74823E-02
 1.59769  2.59861E-08 -1.65468E-08 -1.15547E+00 -2.08064E-01 -1.90981E-08  1.01398E-08
 1.60068  7.57700E-09 -1.18805E-08 -6.73994E-09  8.36813E-09  1.15766E+00 -2.07433E-01
 1.60367  1.15983E+00 -2.06831E-01  1.10837E-08  7.21955E-09  1.25076E+00 -7.74229E-02
 1.60666  2.12635E-08 -3.27411E-09 -1.16200E+00 -2.06232E-01 -1.68501E-08 -2.32105E-08
 1.60965  2.83809E-08 -3.15481E-09 -1.39549E-08  1.57520E-08 -1.25458E+00 -7.73832E-02
 1.61264  1.16634E+00 -2.05048E-01  7.93141E-09 -2.02104E-08 -1.25649E+00 -7.73637E-02
 1.61563 -1.40517E-08 -5.32861E-09 -1.16843E+00 -2.04308E-01  1.69227E-08  3.49045E-10
 1.61862  1.23244E-08  8.11218E-09 -2.06607E-08  9.15302E-09  1.17061E+00 -2.03733E-01
 1.62161  1.17277E+00 -2.03161E-01  1.03006E-08 -2.01264E-08  1.26222E+00 -7.73022E-02
 1.62460 -8.29519E-09 -1.44207E-08 -1.17493E+00 -2.02588E-01  1.14315E-08  4.17690E-09
 1.62759  3.61441E-08  5.95132E-09 -2.02574E-08 -1.63855E-09 -1.26604E+00 -7.72590E-02
 1.63058  1.17925E+00 -2.01452E-01  1.93348E-08 -8.24371E-09 -1.17925E+00 -2.01452E-01
 1.63357 -2.77727E-08  4.71084E-09 -1.18141E+00 -2.00888E-01  2.77568E-08 -5.25033E-09
 1.63656  1.24581E-08  3.65735E-11 -2.85503E-08  1.23756E-09  1.18357E+00 -2.00328E-01
 1.63955  1.18573E+00 -1.99769E-01  2.12211E-08 -1.02643E-08  1.27369E+00 -7.71674E-02
 1.64254  1.20386E-08 -5.46161E-09 -1.18790E+00 -1.99191E-01  6.89095E-09  1.15060E-08
 1.64553 -1.63856E-08 -1.14474E-08  1.35481E-08 -1.07567E-08 -1.27752E+00 -7.71189E-02
 1.64852  1.19227E+00 -1.97987E-01  1.55770E-08  1.33563E-08 -1.19227E+00 -1.97987E-01
 1.65151 -2.52739E-08  7.97709E-09 -1.19443E+00 -1.97450E-01  2.50484E-08 -8.63476E-09
 1.65450  3.26236E-09 -2.13106E-08 -8.25250E-10  2.97530E-08  1.19659E+00 -1.96911E-01
 1.65749  1.19875E+00 -1.96375E-01 -1.97435E-08 -2.08825E-08  1.28518E+00 -7.70087E-02
 1.66048 -1.91931E-09  2.04327E-08 -1.20085E+00 -1.95707E-01 -1.97203E-09 -8.64229E-10
 1.66347  2.20328E-08  9.29082E-09 -1.00531E-08 -1.52398E-08 -1.28902E+00 -7.69554E-02
 1.66646  1.20515E+00 -1.94660E-01  2.12246E-08 -3.80704E-09 -1.29094E+00 -7.69281E-02
 1.66945 -3.06933E-09  2.82269E-08 -1.20721E+00 -1.94480E-01 -4.45903E-09 -2.27880E-08
 1.67244 -6.00952E-09 -2.16855E-08 -2.05130E-08  7.21224E-09  1.20936E+00 -1.93960E-01
 1.67543  1.21152E+00 -1.93467E-01  3.34026E-08 -6.31889E-09  1.29670E+00 -7.68455E-02
 1.67842  1.39780E-08 -2.85147E-08 -1.21367E+00 -1.92948E-01 -9.18055E-09  1.77414E-08
 1.68141  1.97318E-08 -1.32251E-08 -1.80202E-08  1.01975E-08 -1.30055E+00 -7.67978E-02
 1.68440  1.21796E+00 -1.91920E-01  1.65841E-08 -1.61602E-08 -1.30247E+00 -7.67684E-02
 1.68739  1.49829E-08 -8.01030E-09 -1.22012E+00 -1.91386E-01 -1.16430E-08  1.25224E-08
 1.69038 -9.59408E-09 -1.13181E-08  2.16344E-08  5.90868E-09  1.22227E+00 -1.90879E-01
 1.69337  1.22441E+00 -1.90375E-01  2.86495E-08 -6.56268E-09  1.30824E+00 -7.66761E-02
 1.69636  1.35433E-08  3.69717E-09 -1.22656E+00 -1.89874E-01 -1.68684E-08 -1.14755E-08
 1.69935  1.68588E-08 -7.32692E-09  4.80000E-09 -1.18053E-08 -1.31209E+00 -7.66139E-02
 1.70234  1.23080E+00 -1.88761E-01  1.91741E-08  4.25379E-09 -1.23080E+00 -1.88758E-01
 1.70533 -1.65955E-08  2.82309E-09 -1.23294E+00 -1.88268E-01  1.72830E-08 -3.54159E-09
 1.70832  1.40241E-08 -1.35214E-09 -1.33390E-08  4.63232E-09  1.23508E+00 -1.87782E-01
 1.71131  1.23722E+00 -1.87296E-01  1.97220E-08 -5.92958E-09  1.31980E+00 -7.64848E-02
 1.71430  1.52409E-08 -1.16289E-08 -1.23939E+00 -1.86734E-01 -1.62040E-08  1.54573E-08
 1.71729 -4.89578E-09 -1.36175E-08  2.35456E-08 -3.92738E-09 -1.32365E+00 -7.64136E-02
 1.72028  1.24367E+00 -1.85779E-01  1.60946E-08  1.17926E-08 -1.32558E+00 -7.63922E-02
 1.72327 -2.35802E-08  2.98446E-09 -1.24582E+00 -1.85320E-01  9.67735E-09 -1.67739E-08
 1.72626 -7.63467E-09 -1.29031E-08  2.51101E-08  5.16029E-09  1.24796E+00 -1.84850E-01
 1.72925  1.25010E+00 -1.84387E-01  2.13801E-09  1.76378E-08  1.33137E+00 -7.62906E-02
 1.73224 -1.21792E-08  3.72047E-09 -1.25226E+00 -1.83896E-01  1.27508E-08 -1.11902E-08
 1.73523  2.10628E-08 -1.57435E-08 -1.13131E-08  4.25461E-09 -1.33524E+00 -7.62171E-02
 1.73822  1.25654E+00 -1.82974E-01  2.00857E-08  2.77454E-08 -1.33717E+00 -7.61814E-02
 1.74121 -1.95238E-08 -5.99400E-09 -1.25868E+00 -1.82515E-01  1.79237E-08 -9.77509E-09
 1.74420  1.26835E-08 -8.37579E-09 -1.53766E-08  9.65503E-09  1.26083E+00 -1.82095E-01
 1.74719  1.26297E+00 -1.81640E-01  2.00587E-08  1.16210E-08  1.34297E+00 -7.60769E-02
 1.75018  2.21041E-09 -1.61295E-08 -1.26507E+00 -1.81084E-01  1.92785E-08  1.41045E-08
 1.75317  2.24677E-08 -7.12094E-09 -1.66493E-08 -9.38991E-09 -1.34684E+00 -7.60005E-02
 1.75616  1.26934E+00 -1.80190E-01 -2.45219E-09 -2.05651E-08 -1.34878E+00 -7.59632E-02
 1.75915 -3.57630E-08  2.44822E-09 -1.27147E+00 -1.79749E-01  2.10911E-08  1.69411E-09
 1.76214  2.89432E-08 -9.82467E-09 -1.32700E-08  1.44913E-08  1.27361E+00 -1.79309E-01
 1.76513  1.27574E+00 -1.78872E-01  2.00685E-09 -1.09676E-08  1.35459E+00 -7.58497E-02
 1.76812 -1.38218E-08  6.23751E-09 -1.27787E+00 -1.78437E-01  1.96137E-08 -1.73018E-08
 1.77111  2.36869E-08  3.52616E-09 -1.68963E-08 -6.68114E-09 -1.35847E+00 -7.57727E-02
 1.77410  1.28214E+00 -1.77573E-01  1.31882E-08 -1.51792E-08 -1.36041E+00 -7.57336E-02
 1.77709  1.18126E-08 -1.39359E-08 -1.28427E+00 -1.77142E-01 -2.48257E-08  1.79494E-08
 1.78008  1.75780E-08 -1.31072E-08 -1.21452E-08  9.05439E-09  1.28642E+00 -1.76691E-01
 1.78307  1.28855E+00 -1.76266E-01  1.90606E-08  6.78761E-09  1.36623E+00 -7.56098E-02
 1.78606  1.07443E-08 -2.28050E-08 -1.29070E+00 -1.75792E-01 -1.12382E-08  2.27916E-08
 1.78905  1.09504E-08  1.32207E-08 -9.58194E-10 -1.52661E-08 -1.37011E+00 -7.55295E-02
 1.79204  1.29497E+00 -1.74945E-01  4.18444E-09  7.36909E-09 -1.29497E+00 -1.74945E-01
 1.79503 -2.65986E-08  7.93713E-09 -1.29710E+00 -1.74531E-01  2.57546E-09  1.54663E-09
 1.79802  1.38291E-08 -4.00277E-09  6.49332E-09  8.90468E-09  1.29924E+00 -1.74118E-01
 1.80101  1.30134E+00 -1.73621E-01  2.79430E-08 -7.96093E-11  1.37789E+00 -7.53750E-02
 1.80400  1.16598E-08 -2.79199E-08 -1.30347E+00 -1.73215E-01  2.91619E-09  2.21230E-08
 1.80699 -5.17252E-10 -1.44339E-08  9.85556E-10  1.11566E-08 -1.38178E+00 -7.52913E-02
 1.80998  1.30767E+00 -1.72631E-01  1.76383E-09 -2.74697E-08 -1.30767E+00 -1.72631E-01
 1.81297 -7.22110E-09 -7.89369E-09 -1.30980E+00 -1.72226E-01 -1.44890E-08  2.31267E-08
 1.81596  2.30846E-08  9.37712E-09 -4.33320E-09 -1.24419E-10  1.31192E+00 -1.71829E-01
 1.81895  1.31406E+00 -1.71465E-01  2.18149E-08  8.88068E-09  1.38957E+00 -7.51230E-02
 1.82194  3.86477E-09 -2.30770E-08 -1.31619E+00 -1.71065E-01 -3.83252E-09  1.44081E-08
 1.82493  5.13544E-09  2.80786E-08  3.65073E-09 -1.97838E-08 -1.39346E+00 -7.50358E-02
 1.82792  1.32044E+00 -1.70272E-01  1.83946E-08 -1.02659E-08 -1.39541E+00 -7.49928E-02
 1.83091 -1.79683E-08 -1.53525E-09 -1.32257E+00 -1.69840E-01  1.73457E-08  3.86110E-09
 1.83390  1.00657E-08 -2.08549E-08  6.20871E-09  5.74976E-09  1.32469E+00 -1.69450E-01
 1.83689  1.32682E+00 -1.69061E-01  1.71124E-08  1.95805E-08  1.40126E+00 -7.48648E-02
 1.83988 -2.56705E-08 -3.09714E-09 -1.32895E+00 -1.68674E-01  3.64940E-08  6.97197E-09
 1.84287  3.21192E-08  2.00088E-09 -2.18841E-08  3.12824E-10 -1.40516E+00 -7.47768E-02
 1.84586  1.33319E+00 -1.67905E-01 -2.88046E-09 -1.76149E-08 -1.40711E+00 -7.47325E-02
 1.84885  1.45045E-08  4.03635E-09 -1.33532E+00 -1.67527E-01 -9.08166E-09 -2.77621E-08
 1.85184  2.11007E-08  3.48734E-09 -1.87589E-08  9.27400E-09  1.33745E+00 -1.67146E-01
 1.85483  1.33954E+00 -1.66697E-01 -9.75169E-10 -1.32368E-08  1.41297E+00 -7.45956E-02
 1.85782 -1.94054E-08 -7.68751E-10 -1.34167E+00 -1.66322E-01  1.74990E-08 -5.36930E-10
 1.86081  1.29746E-08 -1.48077E-08 -1.15331E-08  2.23226E-08 -1.41688E+00 -7.45052E-02
 1.86380  1.34592E+00 -1.65541E-01  1.54688E-08 -8.37411E-09 -1.41884E+00 -7.44590E-02
 1.86679  1.05533E-08  4.71348E-09 -1.34804E+00 -1.65173E-01 -5.50478E-09 -2.71846E-08
 1.86978 -1.63644E-10  1.77855E-08  3.40696E-09 -2.04457E-08  1.35016E+00 -1.64788E-01
 1.87277  1.35228E+00 -1.64424E-01  1.05826E-08 -1.28850E-08  1.42470E+00 -7.43217E-02
 1.87576  9.28146E-09 -1.79835E-08 -1.35440E+00 -1.64061E-01 -6.90268E-09  1.08866E-08
 1.87875  2.17063E-09  2.41756E-08  8.10274E-09 -2.70150E-08 -1.42862E+00 -7.42276E-02
 1.88174  1.35865E+00 -1.63350E-01  5.47625E-10 -3.47378E-08 -1.43058E+00 -7.41812E-02
 1.88473  1.19113E-09 -3.55328E-08 -1.36078E+00 -1.62968E-01 -1.39529E-08 -1.02616E-08
 1.88772 -6.14383E-10 -6.62020E-10 -2.05717E-08 -5.63694E-09  1.36290E+00 -1.62612E-01
 1.89071  1.36502E+00 -1.62257E-01  1.73889E-08 -1.74936E-08 -1.40241E-08  1.36852E-08
 1.89370  3.00292E-08 -2.50653E-10 -1.36714E+00 -1.61902E-01  1.36714E+00 -1.61902E-01
 1.89669  1.57487E-08  1.14654E-08 -9.08050E-09 -1.35184E-08  1.44037E+00 -7.39468E-02
 1.89968  1.37139E+00 -1.61200E-01 -1.16131E-08 -2.35623E-08  1.79983E-08  2.14715E-09
 1.90267  9.58627E-09 -5.57476E-09 -1.37352E+00 -1.60882E-01 -1.24320E-08  1.28179E-08
 1.90566  1.80705E-08 -8.18146E-09 -2.19458E-09  2.15065E-09  1.44626E+00 -7.38048E-02
 1.90865  1.37774E+00 -1.60132E-01  1.78589E-08 -2.14898E-08 -2.34472E-09  1.19624E-09
 1.91164 -3.30402E-08  2.09837E-08 -1.37986E+00 -1.59788E-01  1.37986E+00 -1.59788E-01
 1.91463  2.04583E-08  1.51327E-08 -6.18179E-09 -4.14245E-09 -1.38197E+00 -1.59432E-01
 1.91762  1.38409E+00 -1.59092E-01  1.42257E-09 -3.40555E-08 -1.19497E-09  2.93125E-08
 1.92061  1.01763E-08 -2.36956E-08 -1.38621E+00 -1.58754E-01 -5.96213E-09  2.41331E-08
 1.92360  1.62174E-08  1.19618E-08 -1.71248E-08 -1.25676E-08 -1.38833E+00 -1.58417E-01
 1.92659  1.39045E+00 -1.58081E-01  1.45014E-08 -1.94691E-08 -1.00759E-09 -1.07205E-08
 1.92958 -5.25402E-10 -2.63037E-08 -1.39256E+00 -1.57747E-01  1.39256E+00 -1.57748E-01
 1.93257  2.46777E-08  6.15030E-09 -1.42591E-08 -8.49849E-09  1.39468E+00 -1.57415E-01
 1.93556  1.39680E+00 -1.57083E-01  1.09905E-08 -3.05423E-09 -6.64352E-09  1.61231E-08
 1.93855  1.18667E-08 -1.94658E-08 -1.39892E+00 -1.56751E-01 -1.46787E+00 -7.32857E-02
 1.94154 -3.75914E-10  6.37168E-09 -1.77806E-08 -4.98522E-09 -1.40104E+00 -1.56399E-01
 1.94453  1.40316E+00 -1.56074E-01 -1.34754E-08 -1.91187E-08  1.86923E-09  3.98997E-10
 1.94752  1.86355E-08  3.51290E-10 -1.40528E+00 -1.55749E-01  1.40528E+00 -1.55749E-01
 1.95051 -5.48921E-09  2.35696E-08  9.63970E-09  1.27478E-09  1.40740E+00 -1.55408E-01
 1.95350  1.40952E+00 -1.55086E-01  1.56362E-08  1.40310E-08 -7.29824E-09  7.04901E-09
 1.95649 -5.50432E-09  2.25976E-08 -1.41164E+00 -1.54765E-01 -1.47969E+00 -7.29890E-02
 1.95948 -1.05246E-08  2.09511E-08  3.95107E-09 -2.24488E-08 -1.41375E+00 -1.54426E-01
 1.96247  1.41587E+00 -1.54108E-01  1.14811E-08 -2.80913E-09 -2.15350E-08 -9.14868E-09
 1.96546 -1.21163E-08 -4.05026E-10 -1.41798E+00 -1.53789E-01  1.41799E+00 -1.53792E-01
 1.96845  9.44874E-09  1.15291E-08 -2.00616E-08 -1.36577E-10  1.42009E+00 -1.53437E-01
 1.97144  1.42221E+00 -1.53124E-01  1.14340E-08  1.65010E-08 -1.09635E-08 -7.10838E-09
 1.97443  1.38741E-08 -6.91121E-10 -1.42430E+00 -1.52948E-01 -1.49151E+00 -7.26944E-02
 1.97742  1.57342E-08  1.68501E-08  2.19473E-10 -1.45647E-08 -1.49349E+00 -7.26439E-02
 1.98041  1.42852E+00 -1.52327E-01  1.59327E-08 -1.48061E-08  7.86947E-09  1.23079E-08
 1.98340  3.23039E-09  2.69085E-08 -1.43063E+00 -1.52015E-01  1.43063E+00 -1.52015E-01
 1.98639 -5.96924E-09  2.52346E-08 -1.70184E-08 -1.22932E-08  1.49941E+00 -7.24894E-02
 1.98938  1.43486E+00 -1.51403E-01  2.42390E-08 -2.19015E-08 -5.82260E-09 -4.76169E-09
 1.99237 -1.86074E-08 -2.04150E-08 -1.43698E+00 -1.51122E-01  1.23274E-08  1.01732E-08
 1.99536 -1.51630E-08  1.96633E-08  1.81042E-08 -6.80459E-09  1.50533E+00 -7.23364E-02
 1.99835  1.44121E+00 -1.50513E-01  1.87045E-08 -9.34507E-09 -1.44121E+00 -1.50513E-01
 2.00134 -1.04786E-08  1.97151E-08 -1.44333E+00 -1.50190E-01  1.44333E+00 -1.50190E-01
 2.00433 -9.69170E-09  2.08144E-08  1.79707E-09 -1.11644E-08  4.46069E+00 -5.71338E+00
 2.00732  1.44755E+00 -1.49569E-01  1.48685E-08 -4.86369E-10  4.51097E+00 -6.28014E+00
 2.01031 -4.65187E-10  2.57740E-08 -1.44966E+00 -1.49272E-01  1.51522E+00 -7.20798E-02
 2.01330  2.11871E-08  2.39680E-08 -3.46917E-09  2.18652E-09 -1.45177E+00 -1.48976E-01
 2.01629  1.45389E+00 -1.48681E-01  2.25036E-08  1.03373E-08 -4.58190E+00 -6.16436E+00
 2.01928  4.78214E-09 -2.18276E-08 -1.45600E+00 -1.48387E-01 -4.64842E+00 -6.39507E+00
 2.02227 -5.17283E-09  2.65082E-08 -1.40032E-08 -1.42760E-08 -1.52313E+00 -7.18750E-02
 2.02526  1.46022E+00 -1.47804E-01 -7.38467E-10 -2.05222E-08 -1.46022E+00 -1.47804E-01
 2.02825  2.03224E-08 -2.90219E-09 -1.46234E+00 -1.47514E-01 -4.68016E+00 -6.52218E+00
 2.03124 -1.09462E-08  1.67617E-08  8.45844E-09 -8.87590E-10 -4.51929E+00 -5.73532E+00
 2.03423  1.46655E+00 -1.46904E-01  7.23282E-09 -7.45505E-11 -1.53105E+00 -7.16671E-02
 2.03722  1.02144E-08 -2.25784E-08 -1.46866E+00 -1.46618E-01  1.46866E+00 -1.46618E-01
 2.04021  7.97543E-09  2.69258E-08 -7.09495E-09 -1.38496E-08  4.51218E+00 -5.95812E+00
 2.04320  1.47289E+00 -1.46041E-01 -1.80086E-08  4.26271E-10  4.46854E+00 -9.79171E+00
 2.04619  2.33937E-08  2.69444E-09 -1.47500E+00 -1.45758E-01 -1.99861E+00 -1.02205E+01
 2.04918 -1.00899E-08  1.01987E-08  2.55073E-09 -3.01222E-08  1.54097E+00 -7.14043E-02
 2.05217  1.47922E+00 -1.45195E-01  1.30668E-08 -1.07791E-08 -1.47922E+00 -1.45196E-01
 2.05516 -2.48434E-08 -3.70031E-09 -1.48133E+00 -1.44895E-01  1.54493E+00 -7.12987E-02
 2.05815 -1.10457E-08  1.24765E-08  9.45870E-09  4.61223E-09  4.55362E+00 -6.00758E+00
 2.06114  1.48555E+00 -1.44340E-01  1.86403E-08 -1.90022E-08  5.15368E+00 -1.52626E+01
 2.06413  8.42771E-10  1.78887E-08 -1.48766E+00 -1.44069E-01  2.39062E+00 -2.78707E+01
 2.06712 -4.24777E-09  3.61666E-08  1.19316E-08 -1.54646E-08 -2.60881E+00 -4.26019E+01
 2.07011  1.49189E+00 -1.43503E-01  8.40842E-09  1.15110E-08 -1.23938E-05  7.46748E-05
 2.07310  2.71381E-08  3.83394E-09 -1.49400E+00 -1.43231E-01  4.56318E+00 -5.87581E+00
 2.07609 -4.96893E-09  2.49907E-08  1.08381E-08 -2.37418E-08 -1.55883E+00 -7.09294E-02
 2.07908  1.49822E+00 -1.42688E-01  1.39628E-08 -1.22963E-08  3.39226E-10  1.00030E-08
 2.08207  8.04747E-09 -2.33998E-08 -1.50033E+00 -1.42419E-01  3.04178E-09  1.17176E-08
 2.08506 -4.13169E-10  5.15935E-09 -1.81106E-09 -8.90659E-10 -1.56480E+00 -7.07706E-02
 2.08805  1.50455E+00 -1.41884E-01  1.85657E-08  7.66151E-09  6.01365E-09  1.34054E-08
 2.09104 -2.46066E-08  4.33298E-10 -1.50667E+00 -1.41637E-01  1.38403E-08 -1.30214E-09
 2.09403  1.70829E-08  2.11224E-08 -1.45896E-08 -1.93291E-08 -1.57076E+00 -7.06166E-02
 2.09702  1.51089E+00 -1.41107E-01  1.59159E-08  1.68119E-08 -1.54418E-08  1.03435E-08
 2.10001  8.97186E-09  1.85015E-10 -1.51300E+00 -1.40824E-01 -2.08613E-08 -1.85734E-08
 2.10300 -1.64748E-10  1.78483E-08 -1.29584E-09 -7.29071E-09 -1.57673E+00 -7.04567E-02
 2.10599  1.51721E+00 -1.40281E-01  5.10341E-09  7.06721E-09  3.20205E-10  9.53600E-11
 2.10898  1.47400E-08 -1.70175E-08 -1.51932E+00 -1.40022E-01  6.82183E-09  1.56673E-08
 2.11197  2.40442E-08 -4.42458E-09 -5.78615E-09 -3.27040E-10 -1.58270E+00 -7.02952E-02
 2.11496  1.52354E+00 -1.39507E-01 -8.39129E-09 -2.41447E-08  1.71911E-08  6.11662E-09
 2.11795 -1.28006E-08 -7.47612E-09 -1.52565E+00 -1.39251E-01  1.14602E-08  9.62040E-09
 2.12094 -2.41602E-08  6.67968E-09  1.01496E-08 -2.51703E-08 -1.58868E+00 -7.01351E-02
 2.12393  1.52986E+00 -1.38741E-01  9.26143E-09 -1.21415E-08  2.49323E-08 -1.20724E-08
 2.12692  1.54231E-09 -1.64230E-08 -1.53197E+00 -1.38487E-01  5.48680E-09  1.57311E-08
 2.12991  2.32864E-08  1.37529E-08 -1.75279E-08 -4.63626E-09 -1.59466E+00 -6.99740E-02
 2.13290  1.53619E+00 -1.37979E-01 -1.58763E-10  2.54484E-08 -1.39286E-08 -2.68495E-08
 2.13589  1.16110E-08 -1.99854E-08 -1.53831E+00 -1.37712E-01 -8.71525E-09  1.77513E-08
 2.13888  6.66629E-09  2.00577E-08 -1.35929E-09 -2.07651E-08 -1.60064E+00 -6.98166E-02
 2.14187  1.54253E+00 -1.37214E-01  1.51382E-08  2.19900E-09 -1.07442E-08 -1.38513E-09
 2.14486  5.83387E-09 -8.67715E-09 -1.54464E+00 -1.36967E-01 -8.04586E-09  9.49821E-09
 2.14785 -1.32243E-08  1.58147E-08 -9.63375E-09 -2.88265E-09 -1.60663E+00 -6.96558E-02
 2.15084  1.54886E+00 -1.36474E-01  2.27344E-08 -8.27727E-09 -8.72019E-09  1.15685E-08
 2.15383 -2.16628E-09  1.96219E-08 -1.55097E+00 -1.36230E-01  7.72007E-09 -1.57218E-08
 2.15682 -9.94610E-09  1.85987E-08  6.79876E-09 -2.98923E-08 -1.61262E+00 -6.94990E-02
 2.15981  1.55518E+00 -1.35722E-01  7.11110E-09  2.22499E-08 -4.83014E-09 -2.22069E-08
 2.16280 -2.68677E-08  1.12699E-09 -1.55729E+00 -1.35481E-01  1.81316E-08 -2.34811E-09
