 0.01000  1.36813E+00 -2.56888E-19 -3.67833E-01 -8.33392E-24  6.52668E-05  1.89378E-05
 0.03990  1.37400E+00 -5.75372E-10 -3.69039E-01  2.04697E-21  3.47128E-13  3.54032E-12
 0.06980  1.38907E+00 -4.41260E-04 -3.71665E-01 -1.77280E-17 -1.46948E-04  3.60689E-17
 0.09970  1.41556E+00 -8.82911E-03 -3.75651E-01 -6.28877E-16 -4.69675E-11 -1.32900E-11
 0.12960  1.44483E+00 -2.96030E-02 -3.80909E-01  1.02287E-12  1.35570E-13 -1.00924E-12
 0.15950  1.47203E+00 -5.95480E-02 -3.87321E-01  1.04438E-08  1.53005E-11  2.47748E-11
 0.18940  1.49610E+00 -9.65098E-02 -3.94728E-01  1.80127E-06 -6.72081E-12  2.03913E-11
 0.21930  1.51695E+00 -1.39231E-01 -4.02898E-01  4.17652E-05 -2.28333E-11 -1.38510E-11
 0.24920  1.53384E+00 -1.86739E-01 -4.11537E-01  3.24077E-04 -1.87535E-11 -2.80890E-11
 0.27910  1.54779E+00 -2.38182E-01 -4.20520E-01  1.31488E-03 -1.40859E-12 -1.72047E-11
 0.30900  1.55492E+00 -2.93390E-01 -4.30167E-01  3.51580E-03  1.56307E-11  1.33319E-11
 0.33890  1.56260E+00 -3.50081E-01 -4.41169E-01  7.03568E-03  5.18788E-12  5.02955E-11
 0.36880  1.56136E+00 -4.09682E-01 -4.54138E-01  1.14000E-02 -3.72027E-12  3.32604E-11
 0.39870  1.55967E+00 -4.68272E-01 -4.69209E-01  1.58400E-02 -5.04743E-12 -1.78175E-11
 0.42860  1.54716E+00 -5.29696E-01 -4.86057E-01  1.97308E-02  2.02026E-11 -4.52973E-11
 0.45850  1.52761E+00 -5.91203E-01 -5.04191E-01  2.27663E-02  1.64125E-11 -4.20062E-11
 0.48840  1.49982E+00 -6.52311E-01 -5.23160E-01  2.48920E-02 -7.85246E-12 -5.71451E-12
 0.51830  1.46060E+00 -7.13467E-01 -5.42627E-01  2.61856E-02 -3.30055E-11  2.75618E-11
 0.54820  1.40176E+00 -7.78585E-01 -5.62364E-01  2.67735E-02 -2.94763E-11  2.07347E-11
 0.57810  1.31753E+00 -8.48619E-01 -5.82222E-01  2.67889E-02  7.87064E-12 -1.79983E-11
 0.60800  1.19756E+00 -9.22189E-01 -6.02111E-01  2.63531E-02 -5.08299E-12 -5.63325E-11
 0.63790  7.17913E-01 -1.41608E+00 -6.21975E-01  2.55704E-02 -4.19334E-12 -6.12829E-11
 0.66780 -3.76840E-01 -5.85505E-01 -6.41785E-01  2.45271E-02  9.00014E-13 -2.79380E-11
 0.69770 -4.55558E-01 -5.09304E-01 -6.61527E-01  2.32934E-02 -1.52090E-12  3.31673E-11
 0.72760  6.81195E-01  2.19257E-02 -6.81195E-01  2.19257E-02 -2.07435E-11  4.04773E-11
 0.75750  7.00792E-01  2.04689E-02 -7.00792E-01  2.04689E-02 -2.31710E-11 -6.58009E-12
 0.78740 -6.44374E-01 -4.36442E-01 -7.20323E-01  1.89593E-02  2.99208E-11 -3.29591E-11
 0.81730  3.96055E-12 -1.01787E-12 -7.39794E-01  1.74239E-02  2.62135E-11 -3.47058E-12
 0.84720  7.31420E-11  1.37547E-11 -7.59216E-01  1.58849E-02  9.54436E-12  3.18141E-11
 0.87710 -7.44365E-01 -3.54129E-01 -7.78595E-01  1.43593E-02  9.23098E-12  3.92441E-11
 0.90700 -5.84279E-13 -5.49070E-12 -7.97941E-01  1.28591E-02  1.48061E-11  1.66141E-11
 0.93690  7.97039E-01 -3.14711E-01 -8.17261E-01  1.13945E-02  1.13497E-11 -2.97759E-11
 0.96680 -3.33732E-15 -4.73241E-13 -8.36564E-01  9.97266E-03  2.81841E-11 -3.99927E-11
 0.99670  8.06371E-11 -2.40310E-11 -8.55855E-01  8.59710E-03  5.29226E-11 -1.93831E-11
 1.02660  8.66136E-01 -2.68085E-01 -8.75141E-01  7.27386E-03  2.73770E-11  4.69445E-11
 1.05650 -4.21580E-13 -1.71055E-12 -8.94428E-01  6.00187E-03 -4.23522E-11  4.25133E-11
 1.08640  4.68011E-13  2.03409E-12 -9.13718E-01  4.78403E-03  2.25967E-11 -4.41768E-11
 1.11630  9.29839E-01 -2.32783E-01 -9.33019E-01  3.62144E-03  1.67648E-11 -4.73583E-11
 1.14620  5.16758E-13  4.81276E-12 -9.52334E-01  2.51127E-03  3.82369E-13  6.21156E-11
 1.17610 -3.45037E-11 -8.05227E-12 -9.71663E-01  1.45370E-03  5.01041E-11  2.91712E-11
 1.20600  9.90884E-01 -2.04554E-01 -9.91012E-01  4.49397E-04 -9.82912E-12 -8.35265E-11
 1.23590  3.21326E-11 -5.88236E-12 -1.01038E+00 -5.04712E-04 -5.36518E-11  1.22756E-11
 1.26580  5.08232E-14 -4.91233E-12 -1.02978E+00 -1.41148E-03  5.88728E-11  2.12004E-11
 1.29570  1.05091E+00 -1.82378E-01 -1.04919E+00 -2.27073E-03  3.35268E-11 -9.73480E-11
 1.32560  1.82205E-11 -5.50852E-12 -1.06864E+00 -3.08372E-03  3.72232E-12  3.10484E-12
 1.35550  9.81464E-13 -3.51643E-13 -1.08811E+00 -3.85328E-03  5.99960E-11  3.80395E-11
 1.38540  1.11027E+00 -1.63899E-01 -1.10761E+00 -4.58194E-03  4.00484E-11  3.56044E-11
 1.41530 -9.66220E-12 -4.10441E-12 -1.12714E+00 -5.27187E-03 -3.62198E-11  2.14823E-11
 1.44520  9.57552E-11  2.16387E-11 -1.14669E+00 -5.92302E-03 -5.88604E-11  2.57834E-12
 1.47510  1.16948E+00 -1.48690E-01 -1.16628E+00 -6.53760E-03 -1.49307E-11 -2.10095E-11
 1.50500 -1.28890E-12 -6.66114E-12 -1.18589E+00 -7.11778E-03  3.64713E-11 -1.00112E-11
 1.53490  3.99877E-11  3.76201E-11 -1.20554E+00 -7.66558E-03  5.87482E-11 -1.46560E-11
 1.56480  1.22866E+00 -1.35686E-01 -1.22521E+00 -8.18285E-03  3.58443E-11 -1.78749E-11
 1.59470  2.75878E-12 -3.61643E-12 -1.24492E+00 -8.67120E-03 -2.39425E-11 -8.33403E-12
 1.62460  1.63625E-11  4.05072E-11 -1.26465E+00 -9.13094E-03 -1.46239E-11 -2.34982E-11
 1.65450  1.28793E+00 -1.24586E-01 -1.28441E+00 -9.56389E-03  4.57728E-12 -4.01989E-11
 1.68440 -7.78261E-11 -3.20248E-11 -1.30420E+00 -9.97162E-03  1.62499E-11 -2.44009E-11
 1.71430 -2.77473E-12  4.06720E-11 -1.32402E+00 -1.03556E-02  1.04931E-11  2.12920E-11
 1.74420  1.34736E+00 -1.15063E-01 -1.34386E+00 -1.07171E-02  3.07655E-11  4.38033E-11
 1.77410 -1.06396E-12  1.74338E-12 -1.36373E+00 -1.10574E-02  9.87371E-12  5.68011E-11
 1.80400 -1.84125E-11  3.49276E-11 -1.38363E+00 -1.13779E-02 -5.85033E-11 -3.38089E-11
 1.83390  1.40698E+00 -1.06710E-01 -1.40356E+00 -1.16790E-02  3.19693E-12 -2.45433E-12
 1.86380 -1.29226E-12  7.01984E-13 -1.42351E+00 -1.19617E-02 -9.99426E-12 -1.05126E-11
 1.89370 -2.91753E-11  2.55100E-11 -1.44348E+00 -1.22270E-02 -1.30347E-11 -3.64739E-11
 1.92360  1.46679E+00 -9.93822E-02 -1.46348E+00 -1.24760E-02 -1.22428E-11 -2.74382E-11
 1.95350 -1.10869E-12  2.15423E-14 -1.48351E+00 -1.27096E-02 -3.86635E-12  1.39900E-11
 1.98340 -3.52380E-11  1.45893E-11 -1.50355E+00 -1.29285E-02  1.03653E-11  2.52938E-11
 2.01330  1.52680E+00 -9.29088E-02 -1.52363E+00 -1.31337E-02  1.49033E-11  3.73022E-12
 2.04320 -7.93649E-13 -3.21479E-13 -1.54372E+00 -1.33257E-02  2.82968E-11 -3.50096E-11
 2.07310 -3.72615E-11  3.98354E-12 -1.56384E+00 -1.35054E-02 -1.06344E-11  9.68959E-13
 2.10300  1.58700E+00 -8.71558E-02 -1.58397E+00 -1.36735E-02  1.31450E-12  6.42096E-11
 2.13290 -4.79227E-13 -4.54912E-13 -1.60413E+00 -1.38304E-02 -9.54600E-12 -2.05199E-11
 2.16280 -3.66280E-11 -4.97019E-12 -1.62431E+00 -1.39767E-02  3.59967E-11 -1.91825E-11
 2.19270  1.64740E+00 -8.20259E-02 -1.64451E+00 -1.41128E-02  1.43073E-11  6.11718E-11
 2.22260 -2.49011E-13 -4.54742E-13 -1.66473E+00 -1.42394E-02 -9.22489E-12 -2.68319E-11
 2.25250 -3.44204E-11 -1.22221E-11 -1.68497E+00 -1.43570E-02  7.36413E-11 -6.35938E-11
 2.28240  1.70797E+00 -7.74016E-02 -1.70523E+00 -1.44661E-02  3.23742E-11 -3.29582E-11
 2.31230  2.15863E-13 -3.14410E-13 -1.72550E+00 -1.45670E-02  2.94832E-11  4.40440E-12
 2.34220 -3.10983E-11 -1.80096E-11 -1.74580E+00 -1.46603E-02 -1.71258E-11 -6.27062E-13
 2.37210  1.76871E+00 -7.32272E-02 -1.76611E+00 -1.47463E-02 -3.04263E-11 -5.62922E-11
 2.40200  2.33956E-13 -2.06993E-13 -1.78643E+00 -1.48255E-02 -1.16583E-11 -2.09967E-11
 2.43190 -2.74309E-11 -2.23533E-11 -1.80678E+00 -1.48981E-02 -3.65094E-13  4.13745E-11
 2.46180  1.82961E+00 -6.94435E-02 -1.82714E+00 -1.49645E-02  1.36313E-11  4.40154E-11
 2.49170  9.41295E-11  6.07675E-11 -1.84752E+00 -1.50251E-02  1.79572E-11 -1.76207E-11
 2.52160 -2.60633E-11 -5.23153E-11 -1.86791E+00 -1.50801E-02  6.78059E-11 -2.63198E-12
 2.55150  1.89066E+00 -6.60006E-02 -1.88831E+00 -1.51299E-02  7.55883E-11 -3.69058E-11
 2.58140  7.11629E-11  6.74960E-11 -1.90873E+00 -1.51746E-02  6.02004E-12 -2.75568E-11
 2.61130 -1.82288E-11 -5.09128E-11 -1.92917E+00 -1.52145E-02 -1.85380E-11  7.12862E-11
 2.64120  1.95185E+00 -6.28566E-02 -1.94962E+00 -1.52499E-02 -1.18860E-11  2.16336E-11
 2.67110  5.16543E-11  6.93224E-11 -1.97008E+00 -1.52810E-02  1.63916E-12 -5.01721E-11
 2.70100 -1.19769E-11 -4.88383E-11 -1.99056E+00 -1.53080E-02  4.07975E-11  3.55205E-11
 2.73090  2.01316E+00 -5.99763E-02 -2.01105E+00 -1.53311E-02  9.94201E-11  4.76234E-14
 2.76080  6.14638E-11  6.02057E-11 -2.03155E+00 -1.53506E-02 -1.23559E-12 -5.79598E-11
 2.79070 -7.01677E-12 -4.64533E-11 -2.05206E+00 -1.53666E-02 -5.44098E-11  3.65485E-11
 2.82060  2.07460E+00 -5.73317E-02 -2.07259E+00 -1.53793E-02 -7.27718E-13  9.01209E-11
 2.85050  2.23612E-11  6.44790E-11 -2.09313E+00 -1.53888E-02  8.79610E-11 -5.91245E-11
 2.88040 -3.07207E-12 -4.39954E-11 -2.11368E+00 -1.53954E-02 -1.24646E-12  9.47551E-11
 2.91030  2.13615E+00 -5.48907E-02 -2.13424E+00 -1.53992E-02 -9.08831E-11  1.09951E-12
 2.94020  1.19257E-11  6.00086E-11 -2.15481E+00 -1.54003E-02  6.88349E-12 -3.37206E-11
 2.97010  6.89805E-14 -4.15821E-11 -2.17539E+00 -1.53989E-02  1.74880E-11  3.32798E-11
